1 107640 120043008 1115.2268 107640 120043008 1115.2268 144 22.5020  0 90015 1590 1.2844 1.2844 4.5832 4.5832 70.0704 
2 30022 120043008 3998.5015 137662 240086016 1744.0254 288 21.9250  0 90015 1590 3.9523 1.8663 13.8245 6.6302 151.7684 
3 10172 5425664 533.3920 147834 245511680 1660.7255 307 23.8373  0 90015 1590 3.0232 1.9459 6.1516 6.5755 117.7670 
4 49803 21111552 423.9012 197637 266623232 1349.0553 595 11.2332  0 123937 1590 2.5680 2.1026 7.8473 6.9207 127.9769 
5 2714 21500 7.9219 200351 266644732 1330.8879 615 1.5625  0 125400 1590 0.0884 2.0754 1.1940 6.9016 6.7915 
6 39410 559580 14.1989 239761 267204312 1114.4612 617 16.2692  0 125400 1590 0.0736 1.7463 1.1499 6.6706 3.1638 
7 66811 638720 9.5601 306572 267843032 873.6709 618 24.9775  0 125400 1590 0.0574 1.3782 1.0000 6.3442 2.3565 
8 2579 17408 6.7499 309151 267860440 866.4389 1162 10.5625  0 127102 1590 0.7259 1.3728 2.1200 6.2889 38.5936 
9 42318 38802432 916.9250 351469 306662872 872.5176 2250 42.2564  0 157843 1590 2.3842 1.4946 8.6111 6.6325 101.1369 
10 65758 11896320 180.9106 417227 318559192 763.5153 2270 24.9982  0 189770 1590 1.1558 1.4412 8.1379 6.7913 47.4642 
11 39420 562628 14.2727 456647 319121820 698.8370 2272 16.2994  0 189770 1590 0.0736 1.3231 1.1576 6.6362 3.1708 
12 27872 639744 22.9529 484519 319761564 659.9567 2273 24.9462  0 189770 1590 0.1375 1.2549 1.0000 6.4085 5.6487 
