1 57093 120043008 2102.5872 57093 120043008 2102.5872 144 22.5101  0 18843 0 2.4216 2.4216 5.5504 5.5504 132.1068 
2 30002 120043008 4001.1667 87095 240086016 2756.5994 288 21.9298  0 18843 0 3.9549 2.9498 14.3913 7.7490 151.8696 
3 8058 5425664 673.3264 95153 245511680 2580.1780 307 23.5454  0 18843 0 3.8163 3.0232 6.1443 7.5386 148.6630 
4 27122 21111552 778.3922 122275 266623232 2180.5212 595 11.2375  0 28574 0 4.7155 3.3986 7.9884 7.6715 234.9986 
5 1514 21500 14.2008 123789 266644732 2154.0261 615 1.5625  0 28837 0 0.1585 3.3589 1.1940 7.6476 12.1744 
6 22165 559580 25.2461 145954 267204312 1830.7434 617 16.4312  0 28837 0 0.1308 2.8687 1.2109 7.3761 5.6253 
7 40070 638720 15.9401 186024 267843032 1439.8306 618 24.9626  0 28837 0 0.0957 2.2714 1.0000 6.9728 3.9291 
8 1680 17408 10.3619 187704 267860440 1427.0365 1162 10.5232  0 29639 0 1.1143 2.2610 2.1081 6.9025 59.2457 
9 26769 38802432 1449.5287 214473 306662872 1429.8438 2250 42.0691  0 39876 0 3.7691 2.4493 8.9123 7.2151 159.8831 
10 39267 11896320 302.9597 253740 318559192 1255.4552 2270 24.9970  0 45381 0 1.9355 2.3697 8.1879 7.3251 79.4854 
11 22608 562628 24.8862 276348 319121820 1154.7825 2272 16.5009  0 45381 0 0.1283 2.1864 1.2292 7.1547 5.5287 
12 27867 639744 22.9570 304215 319761564 1051.1039 2273 24.9462  0 45381 0 0.1375 1.9987 1.0000 6.8875 5.6497 
13 50636 50733568 1001.9269 354851 370495132 1044.0865 3381 39.2187  0 53387 0 3.4067 2.1996 7.7073 7.0533 140.2651 
15 27380 1569216 57.3125 382231 372064348 973.4018 3383 46.7827  0 53387 0 0.1714 2.0543 1.8620 6.9377 6.9367 
16 7060 258060 36.5524 389291 372322408 956.4115 3403 22.4944  0 54704 0 0.9037 2.0335 3.4449 6.8814 39.9229 
17 24758 53088984 2144.3164 414049 425411392 1027.4421 6445 56.1327  0 60843 0 7.8868 2.3835 13.4942 7.6203 311.7863 
18 20409 21242880 1040.8584 434458 446654272 1028.0724 6485 46.2551  0 67658 0 4.8077 2.4973 11.9995 7.8804 191.1627 
19 18383 562628 30.6059 452841 447216900 987.5804 6487 16.7513  0 67658 0 0.1578 2.4024 1.0530 7.7464 6.7993 
20 37674 639744 16.9810 490515 447856644 913.0335 6488 24.9614  0 67658 0 0.1017 2.2257 1.0000 7.5672 4.1790 
21 49647 50733568 1021.8859 540162 498590212 923.0383 7596 34.0595  0 67681 0 3.2576 2.3205 9.7851 7.7952 127.5406 
23 5593 4136960 739.6674 545755 502727172 921.1591 7916 24.7825  0 69555 0 8.3962 2.3828 12.7022 7.9054 337.2444 
24 11844 7672320 647.7811 557599 510399492 915.3522 8076 15.6117  0 75818 0 2.6005 2.3874 6.7529 7.8744 118.2736 
25 22685 27557960 1214.8098 580284 537957452 927.0589 8139 24.7276  0 75818 0 6.3249 2.5413 10.5843 8.0755 260.5546 
26 44513 11905280 267.4562 624797 549862732 880.0662 8159 24.9571  0 83577 0 1.1520 2.4424 8.5056 8.0893 49.4137 
27 107751 160737760 1491.7520 732548 710600492 970.0396 10385 42.7535  0 830988 1792 6.5186 3.0419 11.9970 9.0148 257.0499 
29 4542 2074400 456.7151 737090 712674892 966.8763 10585 15.3483  0 833330 1792 3.7076 3.0460 6.2649 8.9852 158.6050 
30 2314 2234880 965.8081 739404 714909772 966.8730 10617 10.6173  0 833330 1792 3.4572 3.0473 12.4224 8.9941 132.7571 
31 48521 30115896 620.6776 787925 745025668 945.5540 10817 10.1315  0 842088 1792 4.3277 3.1262 5.7899 8.5889 174.9206 
32 3167 188160 59.4127 791092 745213828 942.0065 10833 6.2470  0 842088 1792 0.7098 3.1165 4.4165 8.5815 31.3311 
33 165799 347584 2.0964 956891 745561412 779.1498 10849 1.6541  0 842088 1792 0.0553 2.5861 1.0172 8.3514 2.2345 
34 15869 84536 5.3271 972760 745645948 766.5261 10851 6.1268  0 842088 1792 0.0494 2.5447 1.0155 8.3323 2.0859 
35 10253 84536 8.2450 983013 745730484 758.6171 10853 6.0881  0 842088 1792 0.0766 2.5190 1.1119 8.3152 3.2321 
36 10226 84536 8.2668 993239 745815020 750.8918 10855 6.0878  0 842088 1792 0.0768 2.4938 1.1025 8.2980 3.2407 
37 10101 84536 8.3691 1003340 745899556 743.4166 10857 6.0857  0 842088 1792 0.0777 2.4695 1.1103 8.2810 3.2808 
38 10280 84536 8.2233 1013620 745984092 735.9603 10859 6.0877  0 842088 1792 0.0763 2.4452 1.1362 8.2646 3.2199 
39 10107 84536 8.3641 1023727 746068628 728.7769 10861 6.0859  0 842088 1792 0.0777 2.4218 1.1263 8.2480 3.2788 
40 10114 84536 8.3583 1033841 746153164 721.7291 10863 6.0859  0 842088 1792 0.0776 2.3989 1.0622 8.2304 3.2766 
41 10100 84536 8.3699 1043941 746237700 714.8275 10865 6.0858  0 842088 1792 0.0777 2.3765 1.1840 8.2149 3.2811 
42 10222 84536 8.2700 1054163 746322236 707.9761 10867 6.0867  0 842088 1792 0.0767 2.3542 1.1737 8.1994 3.2382 
43 10110 84536 8.3616 1064273 746406772 701.3302 10869 6.0859  0 842088 1792 0.0776 2.3325 1.0768 8.1823 3.2779 
44 10107 84536 8.3641 1074380 746491308 694.8113 10871 6.0859  0 842088 1792 0.0777 2.3113 1.1912 8.1671 3.2788 
45 10124 84536 8.3501 1084504 746575844 688.4031 10873 6.0861  0 842088 1792 0.0775 2.2905 1.0594 8.1499 3.2733 
46 10225 84536 8.2676 1094729 746660380 682.0504 10875 6.0868  0 842088 1792 0.0767 2.2698 1.0740 8.1329 3.2372 
47 10107 84536 8.3641 1104836 746744916 675.8876 10877 6.0856  0 842088 1792 0.0777 2.2497 1.1769 8.1178 3.2788 
48 10124 84536 8.3501 1114960 746829452 669.8262 10879 6.0860  0 842088 1792 0.0775 2.2300 1.1010 8.1015 3.2733 
49 10119 84536 8.3542 1125079 746913988 663.8769 10881 6.0860  0 842088 1792 0.0776 2.2107 1.0994 8.0852 3.2749 
50 6473 536624 82.9019 1131552 747450612 660.5535 10897 12.2758  0 842088 1792 0.0667 2.1984 1.0537 8.0759 7.9731 
51 1659 21500 12.9596 1133211 747472112 659.6054 10917 1.5625  0 842088 1792 0.1254 2.1954 1.4964 8.0729 8.1476 
52 22983 559580 24.3476 1156194 748031692 646.9777 10919 16.3151  0 842088 1792 0.1261 2.1542 1.2131 8.0201 5.4184 
53 40928 638720 15.6059 1197122 748670412 625.3919 10920 24.9650  0 842088 1792 0.0937 2.0838 1.0000 7.9346 3.8468 
54 384 17408 45.3333 1197506 748687820 625.2059 11464 10.1897  0 842088 1792 4.2500 2.0845 10.2642 7.9357 163.2000 
55 13778 38802432 2816.2600 1211284 787490252 650.1285 12552 39.8215  0 843977 1792 7.0675 2.1411 11.0579 8.0208 271.3920 
56 39355 11896320 302.2823 1250639 799386572 639.1825 12572 24.8866  0 843977 1792 1.7092 2.1276 6.5707 7.9763 67.6925 
57 3184 4136960 1299.2965 1253823 803523532 640.8588 12892 22.3748  0 844163 1792 14.5226 2.1590 18.6527 8.0550 557.6683 
58 3222 7672320 2381.2290 1257045 811195852 645.3196 13052 15.4807  0 844163 1792 8.9385 2.1764 16.1254 8.0977 343.2402 
59 1569 1075000 685.1498 1258614 812270852 645.3693 14052 17.9499  0 844163 1792 5.2212 2.1802 8.0551 8.0975 214.5897 
60 23028 8977800 389.8645 1281642 821248652 640.7785 14152 10.3002  0 855352 1792 1.8818 2.1748 5.9177 8.0514 93.0735 
61 4623 3291136 711.9048 1286265 824539788 641.0341 14184 8.7015  0 855352 1792 3.7378 2.1805 12.2815 8.0686 143.5328 
62 331 4608 13.9215 1286596 824544396 640.8728 14328 2.7863  0 855352 1792 1.3051 2.1802 3.5122 8.0669 50.1172 
63 21635 37269504 1722.6487 1308231 861813900 658.7628 14904 22.1852  0 858845 1792 7.0619 2.2610 12.5997 8.2197 282.6780 
64 18555 8384000 451.8459 1326786 870197900 655.8691 14954 12.4923  0 866601 1792 2.0102 2.2575 6.8692 8.1996 90.2312 
65 2155 2074400 962.5986 1328941 872272300 656.3665 15154 14.5521  0 867091 1792 7.5174 2.2660 11.3844 8.2120 288.6682 
66 2326 2234880 960.8254 1331267 874507180 656.8984 15186 10.6086  0 867091 1792 3.4394 2.2680 11.9403 8.2188 132.0722 
67 37376 30115896 805.7549 1368643 904623076 660.9635 15386 9.8932  0 867091 1792 5.5197 2.3568 5.9705 8.0255 211.9562 
68 3192 188160 58.9474 1371835 904811236 659.5627 15402 6.2294  0 867091 1792 0.6889 2.3530 3.8579 8.0196 28.7278 
69 165767 347584 2.0968 1537602 905158820 588.6821 15418 1.6194  0 867091 1792 0.0549 2.1052 1.0241 7.8685 2.1701 
70 13516 84536 6.2545 1551118 905243356 583.6070 15420 6.1506  0 867091 1792 0.0561 2.0873 1.0412 7.8565 2.1535 
71 8744 84536 9.6679 1559862 905327892 580.3897 15422 6.0693  0 867091 1792 0.0868 2.0761 1.1500 7.8457 3.3332 
72 8717 84536 9.6978 1568579 905412428 577.2183 15424 6.0766  0 867091 1792 0.0871 2.0651 1.1145 7.8346 3.3435 
73 8607 84536 9.8218 1577186 905496964 574.1219 15426 6.0848  0 867091 1792 0.0882 2.0543 1.1195 7.8236 3.3863 
74 8734 84536 9.6790 1585920 905581500 571.0134 15428 6.0958  0 867091 1792 0.0868 2.0435 1.1956 7.8135 3.3326 
75 8635 84536 9.7899 1594555 905666036 567.9742 15430 6.0662  0 867091 1792 0.0879 2.0329 1.1483 7.8029 3.3753 
76 8613 84536 9.8149 1603168 905750572 564.9755 15432 6.0762  0 867091 1792 0.0881 2.0224 1.1064 7.7919 3.3839 
77 8596 84536 9.8343 1611764 905835108 562.0148 15434 6.0841  0 867091 1792 0.0883 2.0121 1.1500 7.7814 3.3906 
78 8621 84536 9.8058 1620385 905919644 559.0768 15436 6.0937  0 867091 1792 0.0879 2.0019 1.1862 7.7713 3.3763 
79 8608 84536 9.8206 1628993 906004180 556.1744 15438 6.0678  0 867091 1792 0.0882 1.9918 1.1129 7.7604 3.3859 
80 8615 84536 9.8127 1637608 906088716 553.3001 15440 6.0762  0 867091 1792 0.0881 1.9817 1.0984 7.7494 3.3831 
81 10636 84536 7.9481 1648244 906173252 549.7810 15442 6.0682  0 867091 1792 0.0726 1.9694 1.0212 7.7373 2.9280 
82 10212 84536 8.2781 1658456 906257788 546.4467 15444 6.0866  0 867091 1792 0.0768 1.9578 1.1168 7.7262 3.2414 
83 10096 84536 8.3732 1668552 906342324 543.1909 15446 6.0854  0 867091 1792 0.0778 1.9464 1.0411 7.7142 3.2824 
84 10112 84536 8.3600 1678664 906426860 539.9692 15448 6.0857  0 867091 1792 0.0776 1.9351 1.0888 7.7029 3.2772 
85 10128 84536 8.3468 1688792 906511396 536.7810 15450 6.0861  0 867091 1792 0.0775 1.9240 1.0651 7.6913 3.2720 
86 6276 536624 85.5041 1695068 907048020 535.1101 15466 11.9435  0 867091 1792 0.0476 1.9170 1.0794 7.6870 4.9683 
