1 27047 1690992 62.5205 27047 1690992 62.5205 18 3.1246  0 2263 0 0.3496 0.3496 3.2076 3.2076 21.3474 
2 16564 1690992 102.0884 43611 3381984 77.5489 36 3.1245  0 2263 0 0.5709 0.4337 1.5168 2.0597 34.8577 
3 7700 352000 45.7143 51311 3733984 72.7716 38 16.7809  0 2263 0 0.2513 0.4063 1.0409 1.8881 9.9192 
4 22199 1319472 59.4384 73510 5053456 68.7451 56 3.1246  0 2607 0 0.4208 0.4107 3.3665 2.1851 27.0265 
5 1689 21500 12.7294 75199 5074956 67.4870 76 1.5625  0 2920 0 0.1539 0.4049 1.1712 2.1690 11.8224 
6 22225 559580 25.1780 97424 5634536 57.8352 78 16.4512  0 2920 0 0.1305 0.3423 1.2133 2.0299 5.6170 
7 33437 52624 1.5738 130861 5687160 43.4595 79 2.4348  0 2920 0 0.0097 0.2573 1.0000 2.0100 0.6799 
8 1710 17408 10.1801 132571 5704568 43.0303 623 10.5332  0 3753 0 1.0953 0.2681 2.1678 2.0178 58.2512 
9 21835 38568512 1766.3619 154406 44273080 286.7316 1711 42.4688  0 13296 0 0.7364 0.3344 2.7724 2.2047 46.9347 
10 29575 753120 25.4648 183981 45026200 244.7329 1713 15.9851  0 13296 0 0.1628 0.3068 1.1502 2.0447 6.9386 
11 22610 562628 24.8840 206591 45588828 220.6719 1715 16.5013  0 13296 0 0.1283 0.2873 1.2298 1.9806 5.5282 
12 20847 52624 2.5243 227438 45641452 200.6765 1716 2.3861  0 13296 0 0.0155 0.2623 1.0000 1.9701 1.0868 
13 46423 39427168 849.3024 273861 85068620 310.6270 2806 41.8446  0 21673 0 0.3753 0.2815 1.9373 1.9626 23.1874 
15 25784 1510416 58.5796 299645 86579036 288.9387 2808 46.7692  0 21673 0 0.1250 0.2680 1.8133 1.9561 5.1768 
16 6759 258060 38.1802 306404 86837096 283.4072 2828 22.5596  0 22727 0 0.9439 0.2829 3.5623 2.0233 41.7008 
17 24040 53088984 2208.3604 330444 139926080 423.4487 5870 56.0965  0 27100 0 8.1212 0.8532 13.8956 4.9549 321.0537 
18 18721 18132480 968.5637 349165 158058560 452.6758 5910 46.5928  0 34502 0 3.7701 1.0096 14.1386 5.6956 151.9098 
19 17883 562628 31.4616 367048 158621188 432.1538 5912 17.6961  0 34502 0 0.1622 0.9683 1.0007 5.4856 6.9894 
20 20850 52624 2.5239 387898 158673812 409.0606 5913 2.3871  0 34502 0 0.0155 0.9171 1.0000 5.4633 1.0866 
21 33733 39427168 1168.8011 421631 198100980 469.8444 7003 40.1834  0 34502 0 0.4027 0.8759 2.3409 5.2078 16.0644 
23 3220 409440 127.1553 424851 198510420 467.2471 7043 5.7994  0 35631 0 1.0590 0.8773 2.9782 5.1724 52.2335 
24 8775 479520 54.6462 433626 198989940 458.8976 7053 7.8095  0 35631 0 0.2341 0.8643 2.9811 5.1516 12.1130 
25 22500 27557960 1224.7982 456126 226547900 496.6783 7116 24.7158  0 35631 0 6.3822 1.1365 10.6142 6.0082 263.5025 
26 36532 753936 20.6377 492658 227301836 461.3786 7118 16.1805  0 35631 0 0.0898 1.0589 1.1888 5.8588 4.0784 
27 77431 136707072 1765.5341 570089 364008908 638.5124 9298 53.8076  0 84682 0 2.5123 1.2563 9.7133 6.5666 99.9587 
29 2384 403200 169.1275 572473 364412108 636.5577 9348 5.9384  0 85388 0 0.4404 1.2529 2.0916 6.5461 26.2228 
30 8149 139680 17.1408 580622 364551788 627.8642 9350 10.6859  0 85388 0 0.0676 1.2362 1.4932 6.5291 3.2703 
31 25160 5083568 202.0496 605782 369635356 610.1788 9413 6.2481  0 86885 0 2.2827 1.2797 2.8094 5.9459 91.4045 
32 3123 11760 3.7656 608905 369647116 607.0686 9414 6.2470  0 86885 0 0.0426 1.2734 1.0000 5.9409 1.8936 
33 163768 21724 0.1327 772673 369668840 478.4286 9415 1.6525  0 86885 0 0.0035 1.0042 1.0000 5.9193 0.1414 
34 16947 84536 4.9883 789620 369753376 468.2675 9417 6.1301  0 86885 0 0.0463 0.9837 1.0235 5.8908 1.9532 
35 6408 33539 5.2339 796028 369786915 464.5401 9418 12.2527  0 86885 0 0.0042 0.9758 1.0000 5.8898 0.5034 
36 1663 21500 12.9284 797691 369808415 463.5986 9438 1.5625  0 86885 0 0.1275 0.9740 1.3856 5.8846 8.4974 
37 22953 559580 24.3794 820644 370367995 451.3138 9440 16.3628  0 86885 0 0.1263 0.9503 1.1667 5.7975 5.4255 
38 33999 52624 1.5478 854643 370420619 433.4214 9441 2.4063  0 86885 0 0.0095 0.9129 1.0000 5.7860 0.6664 
39 382 17408 45.5707 855025 370438027 433.2482 9985 10.1910  0 86885 0 4.2723 0.9144 10.5290 5.7914 164.0545 
40 9532 38568512 4046.2141 864557 409006539 473.0822 11073 41.5410  0 88168 0 1.3126 0.9188 3.6865 5.7398 50.4050 
41 31078 753120 24.2332 895635 409759659 457.5074 11075 12.3311  0 88168 0 0.1367 0.8916 1.1002 5.6139 5.5750 
42 2190 409440 186.9589 897825 410169099 456.8475 11115 4.8148  0 88168 0 1.4237 0.8929 3.0933 5.5961 56.6707 
43 5291 479520 90.6294 903116 410648619 454.7020 11125 7.7942  0 88168 0 0.3638 0.8898 2.2050 5.5756 16.5473 
44 1596 1075000 673.5589 904712 411723619 455.0880 12125 17.6942  0 88168 0 5.1303 0.8973 7.3042 5.5889 210.5744 
45 23781 8977800 377.5199 928493 420701419 453.1013 12225 10.3045  0 104387 0 1.8223 0.9210 5.6243 5.5907 90.1264 
46 4434 205696 46.3906 932927 420907115 451.1683 12227 8.6469  0 104387 0 0.2436 0.9178 1.0075 5.5588 9.3532 
47 331 4608 13.9215 933258 420911723 451.0132 12371 2.7842  0 104387 0 1.3051 0.9179 3.5122 5.5572 50.1172 
48 17783 37011744 2081.2993 951041 457923467 481.4971 12947 22.4456  0 109332 0 2.6398 0.9501 6.9351 5.6151 115.3620 
49 15723 528960 33.6424 966764 458452427 474.2134 12951 9.9848  0 109332 0 0.1689 0.9374 2.3630 5.5926 7.7176 
50 1442 403200 279.6117 968206 458855627 473.9236 13001 5.0672  0 109332 0 0.6429 0.9370 3.0393 5.5878 30.8372 
51 5409 139680 25.8236 973615 458995307 471.4341 13003 10.6909  0 109332 0 0.1017 0.9323 1.1803 5.5752 4.9127 
52 13870 5083568 366.5154 987485 464078875 469.9604 13066 6.2464  0 109332 0 4.0976 0.9768 4.6418 5.5099 159.1842 
53 2022 11760 5.8160 989507 464090635 469.0120 13067 6.2454  0 109332 0 0.0658 0.9749 1.0000 5.5065 2.9246 
54 162439 21724 0.1337 1151946 464112359 402.8942 13068 1.6116  0 109332 0 0.0035 0.8379 1.0000 5.4918 0.1425 
55 10369 84536 8.1528 1162315 464196895 399.3727 13070 6.0812  0 109332 0 0.0756 0.8311 1.0667 5.4734 3.1923 
56 3953 33539 8.4844 1166268 464230434 398.0478 13071 11.6806  0 109332 0 0.0068 0.8283 1.0000 5.4727 0.8160 
