1 75900 120043008 1581.5944 75900 120043008 1581.5944 144 22.5034  0 47959 1587 1.8216 1.8216 5.1362 5.1362 99.3725 
2 30051 120043008 3994.6428 105951 240086016 2266.0100 288 21.9412  0 47959 1587 3.9485 2.4248 13.9153 7.2482 151.6219 
3 8804 5425664 616.2726 114755 245511680 2139.4421 307 23.6639  0 47959 1587 3.4930 2.5068 6.1198 7.1081 136.0662 
4 35783 21111552 589.9883 150538 266623232 1771.1357 595 11.2338  0 67499 1587 3.5742 2.7605 7.2408 7.1484 178.1190 
5 1915 21500 11.2272 152453 266644732 1749.0292 615 1.5625  0 68164 1587 0.1253 2.7274 1.1940 7.1279 9.6251 
6 27878 559580 20.0725 180331 267204312 1481.7437 617 16.3472  0 68164 1587 0.1040 2.3218 1.2094 6.8943 4.4725 
7 48989 638720 13.0380 229320 267843032 1167.9882 618 24.9694  0 68164 1587 0.0782 1.8425 1.0000 6.5444 3.2138 
8 1980 17408 8.7919 231300 267860440 1158.0651 1162 10.5414  0 69266 1587 0.9455 1.8349 2.1129 6.4844 50.2691 
9 32225 38802432 1204.1096 263525 306662872 1163.6956 2250 42.1221  0 87340 1587 3.1310 1.9934 8.8142 6.8312 132.8134 
10 47995 11896320 247.8658 311520 318559192 1022.5963 2270 24.9976  0 101559 1587 1.5835 1.9302 8.4878 7.0040 65.0308 
11 28191 562628 19.9577 339711 319121820 939.3921 2272 16.4062  0 101559 1587 0.1029 1.7786 1.2339 6.8502 4.4338 
12 27873 639744 22.9521 367584 319761564 869.9007 2273 24.9462  0 101559 1587 0.1375 1.6541 1.0000 6.6065 5.6485 
13 54631 50733568 928.6590 422215 370495132 877.5035 3381 39.6125  0 114180 1587 3.1576 1.8487 7.5789 6.7993 130.0079 
15 31647 1569216 49.5850 453862 372064348 819.7742 3383 46.7961  0 114180 1587 0.1483 1.7301 1.8620 6.6932 6.0014 
16 8861 258060 29.1231 462723 372322408 804.6334 3403 22.5279  0 117077 1587 0.7200 1.7108 3.3508 6.6399 31.8086 
17 27104 53088984 1958.7140 489827 425411392 868.4932 6445 56.3213  0 125152 1587 7.2007 2.0145 13.2120 7.3644 284.6664 
18 23169 21242880 916.8665 512996 446654272 870.6779 6485 46.3366  0 133322 1587 4.2350 2.1148 11.9150 7.6279 168.3905 
19 20030 562628 28.0893 533026 447216900 839.0151 6487 16.5779  0 133322 1587 0.1448 2.0408 1.2027 7.5207 6.2402 
20 43878 639744 14.5801 576904 447856644 776.3105 6488 24.9669  0 133322 1587 0.0874 1.8922 1.0000 7.3524 3.5881 
21 51008 50733568 994.6198 627912 498590212 794.0447 7596 33.1166  0 134460 1587 3.1810 1.9969 9.2538 7.5532 125.7275 
23 6217 4136960 665.4271 634129 502727172 792.7838 7916 24.9071  0 137711 1587 7.5535 2.0514 12.2932 7.6598 303.3952 
24 14193 7672320 540.5707 648322 510399492 787.2623 8076 15.6117  0 146545 1587 2.1701 2.0540 6.8066 7.6377 98.6988 
25 22690 27557960 1214.5421 671012 537957452 801.7106 8139 24.7274  0 146545 1587 6.3235 2.1984 10.7043 7.8566 260.4972 
26 54564 11905280 218.1893 725576 549862732 757.8293 8159 24.9646  0 164391 1587 0.9398 2.1037 8.2710 7.8699 40.3114 
27 120369 160737568 1335.3734 845945 710600300 840.0077 10385 42.0616  0 921788 10195 5.8324 2.6343 11.8902 8.8081 229.9923 
29 5275 2074400 393.2512 851220 712674700 837.2391 10585 15.3538  0 925168 10195 3.1924 2.6377 6.2186 8.7807 136.5657 
30 2302 2234880 970.8428 853522 714909580 837.5995 10617 10.6088  0 925168 10195 3.4752 2.6400 13.3779 8.7914 133.4492 
31 58500 30115896 514.8016 912022 745025476 816.8942 10817 10.1403  0 938295 10195 3.5895 2.7009 5.1284 8.2869 145.0824 
32 3871 188160 48.6076 915893 745213636 813.6470 10833 6.2476  0 938295 10195 0.5807 2.6919 4.5050 8.2805 25.6331 
33 168195 347584 2.0666 1084088 745561220 687.7313 10849 1.6794  0 938295 10195 0.0545 2.2827 1.0201 8.0678 2.2027 
34 20734 84536 4.0772 1104822 745645756 674.9012 10851 6.1330  0 938295 10195 0.0378 2.2406 1.0235 8.0503 1.5965 
35 10730 84536 7.8785 1115552 745730292 668.4855 10853 6.0741  0 938295 10195 0.0732 2.2198 1.1377 8.0348 3.0885 
36 10722 84536 7.8843 1126274 745814828 662.1967 10855 6.0739  0 938295 10195 0.0732 2.1993 1.1072 8.0189 3.0908 
37 10619 84536 7.9608 1136893 745899364 656.0858 10857 6.0721  0 938295 10195 0.0739 2.1795 1.1151 8.0032 3.1207 
38 10895 84536 7.7592 1147788 745983900 649.9318 10859 6.0749  0 938295 10195 0.0720 2.1595 1.1105 7.9875 3.0382 
39 10602 84536 7.9736 1158390 746068436 644.0563 10861 6.0722  0 938295 10195 0.0740 2.1404 1.0858 7.9715 3.1257 
40 10620 84536 7.9601 1169010 746152972 638.2776 10863 6.0724  0 938295 10195 0.0739 2.1216 1.0768 7.9553 3.1205 
41 10596 84536 7.9781 1179606 746237508 632.6159 10865 6.0723  0 938295 10195 0.0741 2.1032 1.1840 7.9410 3.1275 
42 10841 84536 7.7978 1190447 746322044 626.9259 10867 6.0742  0 938295 10195 0.0723 2.0847 1.1152 7.9256 3.0533 
43 10619 84536 7.9608 1201066 746406580 621.4534 10869 6.0724  0 938295 10195 0.0739 2.0669 1.1279 7.9106 3.1207 
44 10616 84536 7.9631 1211682 746491116 616.0784 10871 6.0722  0 938295 10195 0.0739 2.0495 1.1477 7.8959 3.1216 
45 10612 84536 7.9661 1222294 746575652 610.7988 10873 6.0722  0 938295 10195 0.0740 2.0323 1.0509 7.8796 3.1228 
46 10827 84536 7.8079 1233121 746660188 605.5044 10875 6.0740  0 938295 10195 0.0724 2.0151 1.1529 7.8652 3.0572 
47 10601 84536 7.9743 1243722 746744724 600.4113 10877 6.0718  0 938295 10195 0.0740 1.9986 1.0467 7.8490 3.1260 
48 10593 84536 7.9804 1254315 746829260 595.4080 10879 6.0720  0 938295 10195 0.0741 1.9823 1.0637 7.8332 3.1284 
49 10619 84536 7.9608 1264934 746913796 590.4765 10881 6.0723  0 938295 10195 0.0739 1.9663 1.0608 7.8175 3.1207 
50 8040 536624 66.7443 1272974 747450420 587.1686 10897 12.3206  0 938295 10195 0.0537 1.9542 1.0854 7.8091 6.4191 
51 2199 21500 9.7772 1275173 747471920 586.1730 10917 1.5625  0 938295 10195 0.1000 1.9510 1.3924 7.8059 6.9850 
52 28476 559580 19.6509 1303649 748031500 573.7982 10919 16.1577  0 938295 10195 0.1017 1.9106 1.1365 7.7530 4.3678 
53 49793 638720 12.8275 1353442 748670220 553.1602 10920 24.9707  0 938295 10195 0.0770 1.8432 1.0000 7.6734 3.1619 
54 383 17408 45.4517 1353825 748687628 553.0165 11464 10.1770  0 938295 10195 4.2611 1.8439 10.3949 7.6747 163.6261 
55 14427 38802432 2689.5703 1368252 787490060 575.5446 12552 39.2610  0 941129 10195 6.7496 1.8956 10.3043 7.7489 259.1834 
56 47929 11896320 248.2071 1416181 799386380 564.4662 12572 24.8039  0 941129 10195 1.3942 1.8786 6.7835 7.7213 54.1729 
57 3426 4136960 1207.5189 1419607 803523340 566.0181 12892 22.0318  0 941771 10195 13.4968 1.9067 17.7029 7.7964 518.2767 
58 3227 7672320 2377.5396 1422834 811195660 570.1267 13052 15.4824  0 941771 10195 8.9247 1.9226 15.9380 7.8386 342.7084 
59 1673 1075000 642.5583 1424507 812270660 570.2118 14052 17.9338  0 941771 10195 4.8894 1.9261 7.8128 7.8385 200.1482 
60 29357 8977800 305.8146 1453864 821248460 564.8729 14152 10.1919  0 959085 10195 1.4761 1.9170 6.0288 7.8021 73.0080 
61 4641 3291136 709.1437 1458505 824539596 565.3320 14184 8.7056  0 959085 10195 3.7233 1.9227 11.6599 7.8180 142.9761 
62 329 4608 14.0061 1458834 824544204 565.2077 14328 2.7868  0 959085 10195 1.3131 1.9226 3.6303 7.8166 50.4219 
63 25897 37269504 1439.1437 1484731 861813708 580.4510 14904 22.2393  0 967102 10195 5.8997 1.9919 12.1363 7.9630 236.1562 
64 22901 8384000 366.0976 1507632 870197708 577.1950 14954 12.4937  0 979648 10195 1.6287 1.9864 7.7066 7.9597 73.1077 
65 2815 2074400 736.9094 1510447 872272108 577.4927 15154 14.0710  0 980650 10195 5.7549 1.9935 9.0705 7.9650 220.9876 
66 2307 2234880 968.7386 1512754 874506988 578.0894 15186 10.6100  0 980650 10195 3.4677 1.9957 12.6783 7.9728 133.1599 
67 42589 30115896 707.1285 1555343 904622884 581.6228 15386 9.8839  0 980650 10195 4.8441 2.0737 5.3540 7.7310 186.0122 
68 3883 188160 48.4574 1559226 904811044 580.2950 15402 6.2351  0 980650 10195 0.5663 2.0699 4.0647 7.7262 23.6156 
69 168176 347584 2.0668 1727402 905158628 524.0000 15418 1.6339  0 980650 10195 0.0541 1.8737 1.1995 7.6098 2.1390 
70 17433 84536 4.8492 1744835 905243164 518.8130 15420 6.1594  0 980650 10195 0.0435 1.8554 1.0243 7.5984 1.6697 
71 9347 84536 9.0442 1754182 905327700 516.0968 15422 6.0295  0 980650 10195 0.0812 1.8459 1.1379 7.5883 3.1182 
72 9321 84536 9.0694 1763503 905412236 513.4169 15424 6.0462  0 980650 10195 0.0814 1.8366 1.1345 7.5782 3.1269 
73 9207 84536 9.1817 1772710 905496772 510.7980 15426 6.0613  0 980650 10195 0.0824 1.8275 1.1113 7.5679 3.1656 
74 9338 84536 9.0529 1782048 905581308 508.1689 15428 6.0806  0 980650 10195 0.0812 1.8184 1.1881 7.5584 3.1171 
75 9239 84536 9.1499 1791287 905665844 505.5951 15430 6.0300  0 980650 10195 0.0822 1.8094 1.1145 7.5481 3.1546 
76 9216 84536 9.1727 1800503 905750380 503.0541 15432 6.0443  0 980650 10195 0.0824 1.8006 1.1749 7.5386 3.1625 
77 9197 84536 9.1917 1809700 905834916 500.5443 15434 6.0610  0 980650 10195 0.0825 1.7918 1.1414 7.5287 3.1690 
78 9222 84536 9.1668 1818922 905919452 498.0529 15436 6.0786  0 980650 10195 0.0822 1.7832 1.0970 7.5184 3.1563 
79 9214 84536 9.1747 1828136 906003988 495.5889 15438 6.0269  0 980650 10195 0.0824 1.7746 1.1535 7.5087 3.1632 
80 9198 84536 9.1907 1837334 906088524 493.1539 15440 6.0452  0 980650 10195 0.0825 1.7661 1.0781 7.4982 3.1687 
81 11639 84536 7.2632 1848973 906173060 490.0953 15442 6.0520  0 980650 10195 0.0663 1.7554 1.0078 7.4868 2.6757 
82 10825 84536 7.8093 1859798 906257596 487.2882 15444 6.0738  0 980650 10195 0.0724 1.7456 1.1248 7.4766 3.0578 
83 10608 84536 7.9691 1870406 906342132 484.5697 15446 6.0722  0 980650 10195 0.0740 1.7361 1.1246 7.4664 3.1240 
84 10616 84536 7.9631 1881022 906426668 481.8799 15448 6.0724  0 980650 10195 0.0739 1.7268 1.1410 7.4564 3.1216 
85 10619 84536 7.9608 1891641 906511204 479.2195 15450 6.0721  0 980650 10195 0.0739 1.7175 1.0302 7.4452 3.1207 
86 7969 536624 67.3389 1899610 907047828 477.4916 15466 11.9519  0 980650 10195 0.0375 1.7104 1.0873 7.4411 3.9128 
