1 63615 108223488 1701.2260 63615 108223488 1701.2260 1152 44.7989  0 16708 0 7.7257 7.7257 13.6668 13.6668 311.4930 
2 39332 108223488 2751.5378 102947 216446976 2102.5088 2304 40.9800  0 16708 0 12.2819 9.4665 18.8818 15.8347 471.6253 
3 12908 21655040 1677.6449 115855 238102016 2055.1726 2377 19.5977  0 20133 0 9.5287 9.4734 13.7549 15.5708 371.0770 
4 71007 84446208 1189.2660 186862 322548224 1726.1306 3529 43.1643  0 37503 244 6.9726 8.5231 11.3348 13.9501 323.4000 
5 2000 21500 10.7500 188862 322569724 1707.9652 3549 1.5625  0 38250 244 0.1200 8.4341 1.1940 13.9277 9.2160 
6 28834 559580 19.4069 217696 323129304 1484.3145 3551 16.3450  0 38250 244 0.1005 7.3303 1.2109 13.6670 4.3242 
7 56905 2554880 44.8973 274601 325684184 1186.0270 3555 24.9728  0 38250 244 0.2694 5.8671 3.0354 13.2261 11.0669 
8 2002 17408 8.6953 276603 325701592 1177.5056 4099 10.4674  0 39373 244 0.9351 5.8314 2.1844 13.1490 49.7167 
9 62822 155210014 2470.6316 339425 480911606 1416.8420 8451 41.5626  0 102957 244 6.1999 5.8996 9.5815 12.2610 244.5291 
10 69970 47585280 680.0812 409395 528496886 1290.9218 8531 24.9983  0 900739 244 4.3447 5.6339 8.0048 11.4581 178.4280 
11 28958 562628 19.4291 438353 529059514 1206.9258 8533 16.4693  0 900739 244 0.1002 5.2683 1.2287 11.3395 4.3163 
12 55897 2558976 45.7802 494250 531618490 1075.6064 8537 24.9462  0 900739 244 0.2727 4.7033 1.6873 10.9295 11.0219 
13 95188 202934304 2131.9316 589438 734552794 1246.1918 12969 42.8747  0 1754717 244 7.0695 5.0854 11.1615 10.9807 275.5338 
15 32097 6276864 195.5592 621535 740829658 1191.9355 12977 46.7943  0 1754717 244 0.5850 4.8530 3.7085 10.8483 23.6691 
16 8738 258060 29.5331 630273 741087718 1175.8202 12997 22.5595  0 1756726 244 0.7301 4.7959 3.5662 10.8018 32.2564 
17 65083 212355936 3262.8479 695356 953443654 1371.1591 25165 56.5779  0 1775485 244 11.8199 5.4533 14.4761 11.3882 457.2817 
18 56167 84971520 1512.8370 751523 1038415174 1381.7477 25325 92.9566  0 2870899 244 6.9464 5.5649 10.0591 11.2495 271.5019 
19 28727 562628 19.5853 780250 1038977802 1331.5961 25327 16.4804  0 2870899 244 0.1010 5.3637 1.2298 11.1863 4.3510 
20 55052 2558976 46.4829 835302 1041536778 1246.8984 25331 24.9725  0 2870899 244 0.2785 5.0286 3.2635 11.0881 11.4394 
21 75664 202934272 2682.0452 910966 1244471050 1366.1005 29763 39.9300  0 3706179 244 8.4887 5.3160 11.7853 11.1758 325.9656 
23 14112 16672000 1181.4059 925078 1261143050 1363.2830 30723 68.5782  0 3708272 244 13.4853 5.4406 17.4064 11.3291 523.0585 
24 19932 30689280 1539.6990 945010 1291832330 1367.0039 31363 62.3175  0 3714447 244 5.8800 5.4498 13.8534 11.3763 236.7345 
25 35761 27557960 770.6149 980771 1319390290 1345.2583 31426 24.6423  0 3731190 244 4.0138 5.3975 11.0220 11.3664 165.5320 
26 67628 47621120 704.1628 1048399 1367011410 1303.9038 31506 24.9589  0 3792916 244 3.0331 5.2450 9.7956 11.2988 130.0971 
27 257847 642950848 2493.5364 1306246 2009962258 1538.7318 40410 52.3690  0 5257268 38410 10.7194 6.3256 15.8912 12.5079 415.5932 
29 4944 8297600 1678.3171 1311190 2018259858 1539.2581 41210 48.7378  0 5258784 38410 13.0485 6.3509 17.7915 12.5368 501.0641 
30 3828 8939520 2335.2979 1315018 2027199378 1541.5753 41338 17.6944  0 5258784 38410 8.3595 6.3568 11.0535 12.5303 321.0031 
31 132473 31970880 241.3388 1447491 2059170258 1422.5790 41346 6.2498  0 5258784 38410 0.4711 5.8181 4.9475 12.3896 40.9714 
32 4340 752640 173.4194 1451831 2059922898 1418.8448 41410 6.2477  0 5261083 38410 2.0719 5.8069 6.0027 12.3756 91.4522 
33 168590 1390336 8.2468 1620421 2061313234 1272.0850 41474 1.6905  0 5264076 38410 0.2175 5.2254 1.0862 11.8425 8.7902 
34 13318 84536 6.3475 1633739 2061397770 1261.7668 41476 6.0615  0 5264076 38410 0.0589 5.1833 1.0950 11.8317 2.4854 
35 10742 84536 7.8697 1644481 2061482306 1253.5763 41478 6.0744  0 5264076 38410 0.0731 5.1499 1.0637 11.8207 3.0850 
36 10721 84536 7.8851 1655202 2061566842 1245.5077 41480 6.0739  0 5264076 38410 0.0732 5.1170 1.1647 11.8106 3.0911 
37 10670 84536 7.9228 1665872 2061651378 1237.5809 41482 6.0735  0 5264076 38410 0.0736 5.0847 1.1426 11.8004 3.1058 
38 10898 84536 7.7570 1676770 2061735914 1229.5878 41484 6.0750  0 5264076 38410 0.0719 5.0522 1.1152 11.7900 3.0373 
39 10614 84536 7.9646 1687384 2061820450 1221.9034 41486 6.0721  0 5264076 38410 0.0740 5.0208 1.1716 11.7801 3.1222 
40 10618 84536 7.9616 1698002 2061904986 1214.3125 41488 6.0651  0 5264076 38410 0.0739 4.9899 1.0768 11.7692 3.1210 
41 10596 84536 7.9781 1708598 2061989522 1206.8313 41490 6.0721  0 5264076 38410 0.0741 4.9594 1.1410 11.7591 3.1275 
42 10827 84536 7.8079 1719425 2062074058 1199.2812 41492 6.0738  0 5264076 38410 0.0724 4.9286 1.1701 11.7493 3.0572 
43 10602 84536 7.9736 1730027 2062158594 1191.9806 41494 6.0721  0 5264076 38410 0.0740 4.8989 1.1025 11.7388 3.1257 
44 10613 84536 7.9653 1740640 2062243130 1184.7614 41496 6.0721  0 5264076 38410 0.0740 4.8695 1.1214 11.7285 3.1225 
45 10609 84536 7.9683 1751249 2062327666 1177.6324 41498 6.0723  0 5264076 38410 0.0740 4.8404 1.1377 11.7184 3.1237 
46 10844 84536 7.7956 1762093 2062412202 1170.4332 41500 6.0669  0 5264076 38410 0.0723 4.8111 1.1152 11.7081 3.0525 
47 10607 84536 7.9698 1772700 2062496738 1163.4777 41502 6.0720  0 5264076 38410 0.0740 4.7827 1.1664 11.6983 3.1243 
48 10596 84536 7.9781 1783296 2062581274 1156.6118 41504 6.0723  0 5264076 38410 0.0741 4.7548 1.1751 11.6886 3.1275 
49 10618 84536 7.9616 1793914 2062665810 1149.8131 41506 6.0722  0 5264076 38410 0.0739 4.7271 1.0608 11.6778 3.1210 
50 10837 84536 7.8007 1804751 2062750346 1142.9557 41508 6.0742  0 5264076 38410 0.0723 4.6991 1.0725 11.6671 3.0544 
51 10623 84536 7.9578 1815374 2062834882 1136.3141 41510 6.0723  0 5264076 38410 0.0739 4.6720 1.1787 11.6575 3.1196 
52 10601 84536 7.9743 1825975 2062919418 1129.7632 41512 6.0721  0 5264076 38410 0.0740 4.6453 1.0709 11.6468 3.1260 
53 10607 84536 7.9698 1836582 2063003954 1123.2844 41514 6.0650  0 5264076 38410 0.0740 4.6189 1.0888 11.6364 3.1243 
54 10836 84536 7.8014 1847418 2063088490 1116.7416 41516 6.0742  0 5264076 38410 0.0724 4.5923 1.1216 11.6263 3.0547 
55 10612 84536 7.9661 1858030 2063173026 1110.4088 41518 6.0721  0 5264076 38410 0.0740 4.5665 1.1493 11.6165 3.1228 
56 10613 84536 7.9653 1868643 2063257562 1104.1476 41520 6.0721  0 5264076 38410 0.0740 4.5410 1.1246 11.6065 3.1225 
57 10621 84536 7.9593 1879264 2063342098 1097.9523 41522 6.0725  0 5264076 38410 0.0739 4.5157 1.1460 11.5967 3.1202 
58 10841 84536 7.7978 1890105 2063426634 1091.6995 41524 6.0742  0 5264076 38410 0.0723 4.4902 1.0595 11.5861 3.0533 
59 10613 84536 7.9653 1900718 2063511170 1085.6482 41526 6.0651  0 5264076 38410 0.0740 4.4656 1.0622 11.5755 3.1225 
60 10616 84536 7.9631 1911334 2063595706 1079.6625 41528 6.0722  0 5264076 38410 0.0739 4.4412 1.1214 11.5655 3.1216 
61 10629 84536 7.9533 1921963 2063680242 1073.7357 41530 6.0726  0 5264076 38410 0.0739 4.4170 1.0798 11.5551 3.1178 
62 10834 84536 7.8028 1932797 2063764778 1067.7607 41532 6.0738  0 5264076 38410 0.0724 4.3927 1.0609 11.5446 3.0553 
63 10618 84536 7.9616 1943415 2063849314 1061.9705 41534 6.0721  0 5264076 38410 0.0739 4.3691 1.0739 11.5342 3.1210 
64 10613 84536 7.9653 1954028 2063933850 1056.2457 41536 6.0723  0 5264076 38410 0.0740 4.3457 1.0523 11.5236 3.1225 
65 10617 84536 7.9623 1964645 2064018386 1050.5808 41538 6.0722  0 5264076 38410 0.0739 4.3227 1.0918 11.5134 3.1213 
66 10837 84536 7.8007 1975482 2064102922 1044.8604 41540 6.0670  0 5264076 38410 0.0723 4.2993 1.0725 11.5031 3.0544 
67 10625 84536 7.9563 1986107 2064187458 1039.3134 41542 6.0723  0 5264076 38410 0.0739 4.2767 1.1328 11.4933 3.1190 
68 10601 84536 7.9743 1996708 2064271994 1033.8376 41544 6.0719  0 5264076 38410 0.0740 4.2544 1.0768 11.4831 3.1260 
69 10609 84536 7.9683 2007317 2064356530 1028.4158 41546 6.0722  0 5264076 38410 0.0740 4.2323 1.1010 11.4731 3.1237 
70 10813 84536 7.8180 2018130 2064441066 1022.9475 41548 6.0736  0 5264076 38410 0.0725 4.2100 1.1843 11.4639 3.0612 
71 10617 84536 7.9623 2028747 2064525602 1017.6358 41550 6.0722  0 5264076 38410 0.0739 4.1884 1.1328 11.4542 3.1213 
72 10613 84536 7.9653 2039360 2064610138 1012.3814 41552 6.0649  0 5264076 38410 0.0740 4.1670 1.1246 11.4445 3.1225 
73 10609 84536 7.9683 2049969 2064694674 1007.1833 41554 6.0720  0 5264076 38410 0.0740 4.1458 1.0948 11.4346 3.1237 
74 9215 84536 9.1737 2059184 2064779210 1002.7172 41556 6.0786  0 5264076 38410 0.0823 4.1276 1.1147 11.4251 3.1587 
75 9208 84536 9.1807 2068392 2064863746 998.2942 41558 6.0265  0 5264076 38410 0.0824 4.1096 1.2009 11.4164 3.1652 
76 9216 84536 9.1727 2077608 2064948282 993.9066 41560 6.0441  0 5264076 38410 0.0824 4.0917 1.1731 11.4075 3.1625 
77 9217 84536 9.1717 2086825 2065032818 989.5573 41562 6.0612  0 5264076 38410 0.0823 4.0740 1.1328 11.3983 3.1622 
78 9235 84536 9.1539 2096060 2065117354 985.2377 41564 6.0705  0 5264076 38410 0.0821 4.0564 1.1364 11.3891 3.1518 
79 9197 84536 9.1917 2105257 2065201890 980.9738 41566 6.0275  0 5264076 38410 0.0825 4.0391 1.1379 11.3800 3.1690 
80 9211 84536 9.1777 2114468 2065286426 976.7404 41568 6.0437  0 5264076 38410 0.0824 4.0219 1.2086 11.3715 3.1642 
81 9210 84536 9.1787 2123678 2065370962 972.5443 41570 6.0613  0 5264076 38410 0.0824 4.0048 1.1048 11.3620 3.1646 
82 9370 84536 9.0220 2133048 2065455498 968.3118 41572 6.0814  0 5264076 38410 0.0809 3.9875 1.0906 11.3525 3.1064 
83 9335 84536 9.0558 2142383 2065540034 964.1320 41574 6.0308  0 5264076 38410 0.0813 3.9705 1.1822 11.3438 3.1222 
84 9324 84536 9.0665 2151707 2065624570 959.9934 41576 6.0460  0 5264076 38410 0.0814 3.9537 1.0781 11.3342 3.1259 
85 9324 84536 9.0665 2161031 2065709106 955.8905 41578 6.0522  0 5264076 38410 0.0814 3.9369 1.1767 11.3254 3.1259 
86 9260 84536 9.1292 2170291 2065793642 951.8510 41580 6.0797  0 5264076 38410 0.0819 3.9205 1.1590 11.3166 3.1433 
87 9306 84536 9.0840 2179597 2065878178 947.8257 41582 6.0291  0 5264076 38410 0.0816 3.9041 1.1953 11.3081 3.1319 
88 9230 84536 9.1588 2188827 2065962714 943.8676 41584 6.0457  0 5264076 38410 0.0822 3.8880 1.1032 11.2987 3.1577 
89 9197 84536 9.1917 2198024 2066047250 939.9566 41586 6.0606  0 5264076 38410 0.0825 3.8721 1.2067 11.2903 3.1690 
90 9225 84536 9.1638 2207249 2066131786 936.0665 41588 6.0787  0 5264076 38410 0.0822 3.8562 1.1502 11.2815 3.1553 
91 9194 84536 9.1947 2216443 2066216322 932.2217 41590 6.0266  0 5264076 38410 0.0826 3.8406 1.1517 11.2726 3.1701 
92 9208 84536 9.1807 2225651 2066300858 928.4029 41592 6.0437  0 5264076 38410 0.0824 3.8250 1.1278 11.2636 3.1652 
93 9217 84536 9.1717 2234868 2066385394 924.6118 41594 6.0612  0 5264076 38410 0.0823 3.8096 1.1328 11.2546 3.1622 
94 9222 84536 9.1668 2244090 2066469930 920.8499 41596 6.0785  0 5264076 38410 0.0822 3.7943 1.1537 11.2459 3.1563 
95 9191 84536 9.1977 2253281 2066554466 917.1313 41598 6.0266  0 5264076 38410 0.0826 3.7791 1.1261 11.2369 3.1711 
96 9189 84536 9.1997 2262470 2066639002 913.4437 41600 6.0432  0 5264076 38410 0.0826 3.7641 1.1553 11.2281 3.1718 
97 9210 84536 9.1787 2271680 2066723538 909.7776 41602 6.0613  0 5264076 38410 0.0824 3.7492 1.1048 11.2190 3.1646 
98 8813 2146496 243.5602 2280493 2068870034 907.2029 41666 12.3697  0 5270136 38410 0.1961 3.7355 1.0686 11.1974 23.4243 
99 2172 21500 9.8987 2282665 2068891534 906.3492 41686 1.5625  0 5270136 38410 0.1013 3.7320 1.3415 11.1953 7.0718 
100 28189 559580 19.8510 2310854 2069451114 895.5352 41688 16.1194  0 5270136 38410 0.1028 3.6877 1.2116 11.1640 4.4123 
101 50079 2554880 51.0170 2360933 2072005994 877.6217 41692 24.9681  0 5270136 38410 0.3062 3.6160 3.4315 11.1190 12.5753 
102 382 17408 45.5707 2361315 2072023402 877.4871 42236 10.2047  0 5270136 38410 4.2723 3.6161 10.3291 11.1188 164.0545 
103 43872 155210136 3537.7949 2405187 2227233538 926.0126 46588 40.7507  0 5301090 38410 8.8114 3.7109 10.3884 11.0851 338.3589 
104 35781 47585280 1329.9036 2440968 2274818818 931.9331 46668 24.8625  0 6139377 38410 7.4408 3.7656 11.2399 11.0895 285.7275 
105 11378 16672000 1465.2839 2452346 2291490818 934.4077 47628 63.3214  0 6140041 38410 16.6694 3.8254 19.1812 11.1849 640.1035 
106 10204 30689280 3007.5735 2462550 2322180098 942.9982 48268 59.4138  0 6140041 38410 11.2897 3.8564 16.6066 11.2294 433.5241 
107 2545 1075000 422.3969 2465095 2323255098 942.4606 49268 18.6527  0 6141226 38410 3.2141 3.8557 7.9805 11.2254 131.5709 
108 29328 8977800 306.1170 2494423 2332232898 934.9789 49368 10.2390  0 6158438 38410 1.4776 3.8277 6.1027 11.1828 73.0802 
109 9177 13164544 1434.5150 2503600 2345397442 936.8100 49496 15.3710  0 6159707 38410 7.5319 3.8413 10.9767 11.1813 289.2239 
110 331 4608 13.9215 2503931 2345402050 936.6880 49640 2.7853  0 6159707 38410 1.3051 3.8410 3.5410 11.1802 50.1172 
111 59188 149082312 2518.7927 2563119 2494484362 973.2223 51944 41.0013  0 6165841 38410 10.1070 3.9857 14.2500 11.3231 392.3148 
112 34059 33536000 984.6443 2597178 2528020362 973.3721 52144 31.2419  0 6490548 38410 4.2327 3.9889 9.4873 11.2927 173.8987 
113 4906 8297600 1691.3168 2602084 2536317962 974.7256 52944 49.3687  0 6491977 38410 13.1496 4.0062 18.3690 11.3197 504.9451 
114 3858 8939520 2317.1384 2605942 2545257482 976.7130 53072 17.6944  0 6491977 38410 8.2945 4.0125 10.9702 11.3186 318.5070 
115 133383 31970880 239.6923 2739325 2577228362 940.8260 53080 6.2499  0 6491977 38410 0.4679 3.8399 4.6500 11.2231 40.6919 
116 3853 752640 195.3387 2743178 2577981002 939.7789 53144 6.1565  0 6492020 38410 2.2375 3.8377 8.0420 11.2194 88.2213 
117 168186 1390336 8.2667 2911364 2579371338 885.9666 53208 1.5950  0 6492020 38410 0.2150 3.6284 1.7935 11.0212 8.3364 
118 9320 84536 9.0704 2920684 2579455874 883.1685 53210 6.0721  0 6492020 38410 0.0813 3.6171 1.0844 11.0140 3.1231 
119 9320 84536 9.0704 2930004 2579540410 880.3881 53212 6.0125  0 6492020 38410 0.0814 3.6058 1.1328 11.0071 3.1272 
120 9261 84536 9.1282 2939265 2579624946 877.6429 53214 6.0464  0 6492020 38410 0.0820 3.5947 1.1016 11.0000 3.1471 
121 9302 84536 9.0879 2948567 2579709482 874.9028 53216 6.0627  0 6492020 38410 0.0816 3.5837 1.1749 10.9934 3.1333 
122 9288 84536 9.1016 2957855 2579794018 872.1840 53218 6.0712  0 6492020 38410 0.0816 3.5727 1.1033 10.9863 3.1339 
123 9299 84536 9.0909 2967154 2579878554 869.4792 53220 6.0289  0 6492020 38410 0.0816 3.5617 1.1677 10.9797 3.1343 
124 9242 84536 9.1469 2976396 2579963090 866.8077 53222 6.0304  0 6492020 38410 0.0821 3.5509 1.0952 10.9725 3.1536 
125 9241 84536 9.1479 2985637 2580047626 864.1531 53224 6.0500  0 6492020 38410 0.0821 3.5402 1.1677 10.9659 3.1539 
126 9222 84536 9.1668 2994859 2580132162 861.5204 53226 6.0787  0 6492020 38410 0.0822 3.5295 1.1330 10.9591 3.1563 
127 9207 84536 9.1817 3004066 2580216698 858.9081 53228 6.0259  0 6492020 38410 0.0824 3.5190 1.2048 10.9527 3.1656 
128 9250 84536 9.1390 3013316 2580301234 856.2996 53230 6.0310  0 6492020 38410 0.0821 3.5084 1.1991 10.9464 3.1509 
129 9218 84536 9.1708 3022534 2580385770 853.7161 53232 6.0619  0 6492020 38410 0.0823 3.4980 1.0937 10.9393 3.1618 
130 9243 84536 9.1459 3031777 2580470306 851.1412 53234 6.0703  0 6492020 38410 0.0820 3.4875 1.1626 10.9327 3.1491 
131 9234 84536 9.1549 3041011 2580554842 848.5845 53236 6.0093  0 6492020 38410 0.0822 3.4772 1.1570 10.9261 3.1563 
132 9198 84536 9.1907 3050209 2580639378 846.0533 53238 6.0434  0 6492020 38410 0.0825 3.4670 1.1804 10.9196 3.1687 
133 9210 84536 9.1787 3059419 2580723914 843.5340 53240 6.0608  0 6492020 38410 0.0824 3.4568 1.1278 10.9128 3.1646 
134 9243 84536 9.1459 3068662 2580808450 841.0208 53242 6.0789  0 6492020 38410 0.0820 3.4466 1.1450 10.9061 3.1491 
135 9211 84536 9.1777 3077873 2580892986 838.5313 53244 6.0275  0 6492020 38410 0.0824 3.4365 1.1588 10.8995 3.1642 
136 9208 84536 9.1807 3087081 2580977522 836.0576 53246 6.0439  0 6492020 38410 0.0824 3.4265 1.1517 10.8929 3.1652 
137 9247 84536 9.1420 3096328 2581062058 833.5881 53248 6.0498  0 6492020 38410 0.0821 3.4166 1.1713 10.8864 3.1519 
138 9236 84536 9.1529 3105564 2581146594 831.1362 53250 6.0792  0 6492020 38410 0.0821 3.4066 1.1716 10.8800 3.1515 
139 9212 84536 9.1767 3114776 2581231130 828.7052 53252 6.0268  0 6492020 38410 0.0824 3.3968 1.1448 10.8733 3.1639 
140 9271 84536 9.1183 3124047 2581315666 826.2729 53254 6.0451  0 6492020 38410 0.0819 3.3870 1.1431 10.8667 3.1437 
141 9338 84536 9.0529 3133385 2581400202 823.8376 53256 6.0639  0 6492020 38410 0.0813 3.3771 1.1677 10.8602 3.1212 
142 9349 84536 9.0423 3142734 2581484738 821.4137 53258 6.0810  0 6492020 38410 0.0811 3.3673 1.1098 10.8534 3.1134 
143 9361 84536 9.0307 3152095 2581569274 819.0011 53260 6.0138  0 6492020 38410 0.0811 3.3576 1.1162 10.8466 3.1135 
144 9350 84536 9.0413 3161445 2581653810 816.6057 53262 6.0339  0 6492020 38410 0.0812 3.3479 1.0968 10.8397 3.1172 
145 9271 84536 9.1183 3170716 2581738346 814.2446 53264 6.0621  0 6492020 38410 0.0819 3.3383 1.1588 10.8332 3.1437 
146 9276 84536 9.1134 3179992 2581822882 811.8961 53266 6.0795  0 6492020 38410 0.0817 3.3288 1.1364 10.8266 3.1379 
147 9210 84536 9.1787 3189202 2581907418 809.5779 53268 6.0268  0 6492020 38410 0.0824 3.3194 1.1822 10.8203 3.1646 
148 9222 84536 9.1668 3198424 2581991954 807.2701 53270 6.0447  0 6492020 38410 0.0823 3.3101 1.1311 10.8136 3.1604 
149 9210 84536 9.1787 3207634 2582076490 804.9785 53272 6.0608  0 6492020 38410 0.0824 3.3008 1.1211 10.8069 3.1646 
150 9259 84536 9.1301 3216893 2582161026 802.6879 53274 6.0790  0 6492020 38410 0.0819 3.2916 1.1900 10.8007 3.1437 
151 9208 84536 9.1807 3226101 2582245562 800.4230 53276 6.0270  0 6492020 38410 0.0824 3.2824 1.0984 10.7939 3.1652 
152 9195 84536 9.1937 3235296 2582330098 798.1743 53278 6.0436  0 6492020 38410 0.0825 3.2733 1.1328 10.7873 3.1697 
153 9215 84536 9.1737 3244511 2582414634 795.9333 53280 6.0613  0 6492020 38410 0.0824 3.2643 1.2067 10.7811 3.1628 
154 9218 84536 9.1708 3253729 2582499170 793.7044 53282 6.0786  0 6492020 38410 0.0822 3.2552 1.1433 10.7746 3.1576 
155 9203 84536 9.1857 3262932 2582583706 791.4918 53284 6.0266  0 6492020 38410 0.0825 3.2463 1.1859 10.7684 3.1670 
156 9211 84536 9.1777 3272143 2582668242 789.2896 53286 6.0437  0 6492020 38410 0.0824 3.2374 1.1517 10.7620 3.1642 
157 9210 84536 9.1787 3281353 2582752778 787.1000 53288 6.0607  0 6492020 38410 0.0824 3.2285 1.1517 10.7555 3.1646 
158 9218 84536 9.1708 3290571 2582837314 784.9207 53290 6.0784  0 6492020 38410 0.0822 3.2197 1.1881 10.7493 3.1576 
159 9194 84536 9.1947 3299765 2582921850 782.7593 53292 6.0289  0 6492020 38410 0.0826 3.2110 1.1064 10.7426 3.1701 
160 9208 84536 9.1807 3308973 2583006386 780.6067 53294 6.0436  0 6492020 38410 0.0824 3.2023 1.1195 10.7360 3.1652 
161 9224 84536 9.1648 3318197 2583090922 778.4622 53296 6.0611  0 6492020 38410 0.0823 3.1936 1.1162 10.7294 3.1598 
162 9222 84536 9.1668 3327419 2583175458 776.3301 53298 6.0785  0 6492020 38410 0.0822 3.1850 1.1537 10.7230 3.1563 
163 9191 84536 9.1977 3336610 2583259994 774.2169 53300 6.0271  0 6492020 38410 0.0826 3.1764 1.1804 10.7168 3.1711 
164 9211 84536 9.1777 3345821 2583344530 772.1108 53302 6.0437  0 6492020 38410 0.0824 3.1679 1.2086 10.7108 3.1642 
165 9210 84536 9.1787 3355031 2583429066 770.0165 53304 6.0613  0 6492020 38410 0.0824 3.1594 1.1048 10.7041 3.1646 
166 9252 84536 9.1371 3364283 2583513602 767.9240 53306 6.0791  0 6492020 38410 0.0819 3.1510 1.1114 10.6975 3.1460 
167 9215 84536 9.1737 3373498 2583598138 765.8514 53308 6.0279  0 6492020 38410 0.0824 3.1426 1.1822 10.6914 3.1628 
168 9195 84536 9.1937 3382693 2583682674 763.7946 53310 6.0428  0 6492020 38410 0.0825 3.1343 1.1934 10.6853 3.1697 
169 9200 84536 9.1887 3391893 2583767210 761.7479 53312 6.0610  0 6492020 38410 0.0825 3.1260 1.1145 10.6787 3.1680 
170 9232 84536 9.1568 3401125 2583851746 759.7050 53314 6.0789  0 6492020 38410 0.0821 3.1177 1.2013 10.6727 3.1529 
171 9198 84536 9.1907 3410323 2583936282 757.6808 53316 6.0275  0 6492020 38410 0.0825 3.1095 1.1396 10.6663 3.1687 
172 9216 84536 9.1727 3419539 2584020818 755.6635 53318 6.0441  0 6492020 38410 0.0824 3.1014 1.1731 10.6601 3.1625 
173 9194 84536 9.1947 3428733 2584105354 753.6619 53320 6.0608  0 6492020 38410 0.0826 3.0933 1.1328 10.6537 3.1701 
174 9219 84536 9.1698 3437952 2584189890 751.6655 53322 6.0787  0 6492020 38410 0.0822 3.0852 1.2013 10.6477 3.1573 
175 9208 84536 9.1807 3447160 2584274426 749.6822 53324 6.0272  0 6492020 38410 0.0824 3.0772 1.1915 10.6417 3.1652 
176 9216 84536 9.1727 3456376 2584358962 747.7077 53326 6.0456  0 6492020 38410 0.0824 3.0692 1.1096 10.6352 3.1625 
177 9225 84536 9.1638 3465601 2584443498 745.7418 53328 6.0616  0 6492020 38410 0.0823 3.0613 1.1431 10.6288 3.1594 
178 9225 84536 9.1638 3474826 2584528034 743.7863 53330 6.0787  0 6492020 38410 0.0822 3.0534 1.1626 10.6227 3.1553 
179 9190 84536 9.1987 3484016 2584612570 741.8486 53332 6.0255  0 6492020 38410 0.0826 3.0455 1.1953 10.6167 3.1714 
180 9211 84536 9.1777 3493227 2584697106 739.9167 53334 6.0433  0 6492020 38410 0.0824 3.0377 1.1517 10.6104 3.1642 
181 9204 84536 9.1847 3502431 2584781642 737.9964 53336 6.0617  0 6492020 38410 0.0825 3.0299 1.1431 10.6042 3.1666 
182 8108 2146496 264.7380 3510539 2586928138 736.9034 53400 10.9600  0 6492020 38410 0.0889 3.0231 1.8161 10.6007 6.3842 
