1 80918 1690992 20.8976 80918 1690992 20.8976 18 3.1249  0 17749 0 0.1169 0.1169 3.1657 3.1657 7.1354 
2 16564 1690992 102.0884 97482 3381984 34.6934 36 3.1245  0 17749 0 0.5709 0.1940 1.5168 2.0510 34.8577 
3 12597 352000 27.9432 110079 3733984 33.9209 38 18.2234  0 17749 0 0.1536 0.1894 1.0375 1.8805 6.0632 
4 67020 1319472 19.6877 177099 5053456 28.5346 56 3.1248  0 23041 0 0.1394 0.1705 3.3556 2.1766 8.9520 
5 4490 21500 4.7884 181589 5074956 27.9475 76 1.5625  0 26156 0 0.0579 0.1677 1.1765 2.1609 4.4472 
6 62575 559580 8.9425 244164 5634536 23.0769 78 16.2085  0 26156 0 0.0464 0.1366 1.2103 2.0227 1.9950 
7 95042 52624 0.5537 339206 5687160 16.7661 79 2.3875  0 26156 0 0.0034 0.0993 1.0000 2.0030 0.2392 
8 3811 17408 4.5678 343017 5704568 16.6306 623 10.5868  0 29090 0 0.4915 0.1036 2.1653 2.0109 26.1374 
9 58286 38568512 661.7114 401303 44273080 110.3233 1711 42.4883  0 85844 0 0.2759 0.1286 2.7408 2.1928 17.5826 
10 90494 753120 8.3223 491797 45026200 91.5544 1713 15.9600  0 85844 0 0.0532 0.1148 1.1527 2.0360 2.2677 
11 61907 562628 9.0883 553704 45588828 82.3343 1715 16.2103  0 85844 0 0.0469 0.1072 1.2287 1.9727 2.0190 
12 20847 52624 2.5243 574551 45641452 79.4385 1716 2.3861  0 85844 0 0.0155 0.1038 1.0000 1.9623 1.0868 
13 78307 39427168 503.4948 652858 85068620 130.3019 2806 42.2256  0 127589 0 0.2225 0.1181 1.9276 1.9544 13.7463 
15 55139 1510416 27.3929 707997 86579036 122.2873 2808 46.8258  0 127589 0 0.0585 0.1134 1.8497 1.9500 2.4208 
16 18659 258060 13.8303 726656 86837096 119.5023 2828 22.6515  0 139841 0 0.3419 0.1193 3.5425 2.0167 15.1056 
17 43423 53088984 1222.6006 770079 139926080 181.7035 5870 55.7281  0 189904 298 4.4995 0.3663 12.1861 4.7792 177.8729 
18 41447 18132480 437.4859 811526 158058560 194.7671 5910 46.7483  0 406451 298 1.7029 0.4346 11.7048 5.4211 68.6154 
19 17825 562628 31.5640 829351 158621188 191.2594 5912 17.6826  0 406451 298 0.1627 0.4287 1.0014 5.2327 7.0122 
20 20848 52624 2.5242 850199 158673812 186.6314 5913 2.3889  0 406451 298 0.0155 0.4186 1.0000 5.2127 1.0867 
21 36461 39427168 1081.3518 886660 198100980 223.4238 7003 39.0986  0 406451 298 0.3726 0.4167 1.9860 4.9188 14.8625 
23 8118 409440 50.4361 894778 198510420 221.8544 7043 6.2342  0 413177 298 0.4214 0.4167 2.8508 4.8863 20.8225 
24 25581 479520 18.7452 920359 198989940 216.2090 7053 7.8114  0 413177 298 0.0801 0.4074 3.0015 4.8696 4.1431 
25 22464 27557960 1226.7610 942823 226547900 240.2868 7116 24.7508  0 413177 298 6.3871 0.5499 10.4189 5.7115 263.1043 
26 105251 753936 7.1632 1048074 227301836 216.8757 7118 16.0393  0 413177 298 0.0312 0.4978 1.1875 5.5779 1.4156 
27 162499 136702560 841.2517 1210573 364004396 300.6877 9298 52.5757  0 911253 298 1.1972 0.5917 6.9856 5.9009 47.6352 
29 7464 403200 54.0193 1218037 364407596 299.1761 9348 6.1611  0 916960 298 0.1426 0.5889 1.9206 5.8828 8.7357 
30 22143 139680 6.3081 1240180 364547276 293.9471 9350 10.6968  0 916960 298 0.0248 0.5788 1.4946 5.8696 1.2001 
31 67395 5083568 75.4295 1307575 369630844 282.6842 9413 6.2487  0 925970 298 0.8522 0.5929 1.8891 5.0771 34.1233 
32 8026 11760 1.4652 1315601 369642604 280.9686 9414 6.2488  0 925970 298 0.0166 0.5894 1.0000 5.0736 0.7368 
33 170768 21724 0.1272 1486369 369664328 248.7029 9415 1.8279  0 925970 298 0.0034 0.5221 1.0000 5.0584 0.1356 
34 51063 84536 1.6555 1537432 369748864 240.4977 9417 6.1443  0 925970 298 0.0154 0.5052 1.0275 5.0384 0.6482 
35 18538 33539 1.8092 1555970 369782403 237.6539 9418 12.3879  0 925970 298 0.0015 0.4992 1.0000 5.0377 0.1740 
36 5211 21500 4.1259 1561181 369803903 236.8745 9438 1.5625  0 925970 298 0.0384 0.4977 1.6667 5.0351 2.3581 
37 63100 559580 8.8681 1624281 370363483 228.0169 9440 16.0211  0 925970 298 0.0459 0.4802 1.2096 4.9766 1.9711 
38 96159 52624 0.5473 1720440 370416107 215.3031 9441 2.3725  0 925970 298 0.0034 0.4535 1.0000 4.9684 0.2356 
39 388 17408 44.8660 1720828 370433515 215.2647 9985 10.1731  0 925970 298 4.2062 0.4543 10.2000 4.9738 161.5175 
40 16505 38568512 2336.7773 1737333 409002027 235.4195 11073 39.3050  0 940461 298 0.7581 0.4572 2.0589 4.8653 29.1100 
41 92047 753120 8.1819 1829380 409755147 223.9858 11075 15.9596  0 940461 298 0.0471 0.4366 1.1535 4.7817 2.0292 
42 4532 409440 90.3442 1833912 410164587 223.6555 11115 5.4571  0 940654 298 0.6887 0.4372 2.6074 4.7663 27.4867 
43 5324 479520 90.0676 1839236 410644107 223.2688 11125 7.8075  0 940654 298 0.3850 0.4371 2.5498 4.7557 19.9068 
44 2295 1075000 468.4096 1841531 411719107 223.5744 12125 18.4260  0 940654 298 3.5730 0.4410 6.3272 4.7677 147.2418 
45 60615 8977800 148.1118 1902146 420696907 221.1696 12225 10.1493  0 995272 298 0.7149 0.4497 5.9657 4.8167 35.3592 
46 4465 205696 46.0685 1906611 420902603 220.7596 12227 8.6754  0 995272 298 0.2419 0.4492 1.0019 4.7937 9.2882 
47 331 4608 13.9215 1906942 420907211 220.7236 12371 2.7842  0 995272 298 1.3051 0.4494 3.5122 4.7928 50.1172 
48 38757 37011744 954.9693 1945699 457918955 235.3493 12947 22.4743  0 1020010 298 1.2112 0.4645 5.1288 4.8092 52.9319 
49 45495 528960 11.6268 1991194 458447915 230.2377 12951 9.9667  0 1020010 298 0.0584 0.4553 2.6297 4.7975 2.6672 
50 1434 403200 281.1715 1992628 458851115 230.2743 13001 4.9860  0 1020010 298 0.6374 0.4554 3.2183 4.7951 29.5632 
51 5411 139680 25.8141 1998039 458990795 229.7206 13003 10.6914  0 1020010 298 0.1016 0.4544 1.2673 4.7871 4.9109 
52 14557 5083568 349.2181 2012596 464074363 230.5850 13066 6.2443  0 1020010 298 3.9042 0.4794 4.6498 4.7787 151.6717 
53 2019 11760 5.8247 2014615 464086123 230.3597 13067 6.2454  0 1020010 298 0.0659 0.4790 1.0000 4.7763 2.9290 
54 163139 21724 0.1332 2177754 464107847 213.1131 13068 1.6114  0 1020010 298 0.0035 0.4434 1.0000 4.7656 0.1419 
55 14608 84536 5.7870 2192362 464192383 211.7316 13070 6.0172  0 1020010 298 0.0537 0.4408 1.1701 4.7537 2.2659 
56 4653 33539 7.2080 2197015 464225922 211.2985 13071 10.1554  0 1020010 298 0.0058 0.4398 1.0000 4.7532 0.6932 
