34702 16.6383
51266 22.5250
59650 20.6394
88288 20.7401
90378 20.4814
118469 16.6787
160727 12.4350
162738 12.8934
189007 16.3936
227292 14.5351
255493 13.4199
276340 12.4895
327993 13.8045
357931 13.0228
366391 13.4914
394323 31.9254
415703 37.1246
433585 35.8814
454435 34.2850
488434 33.0079
492358 33.0877
503546 32.5630
525972 42.4120
572311 39.2383
661200 45.6700
664277 45.5502
674427 44.9041
705322 46.2115
709200 45.9671
874005 37.3259
895292 36.4754
903530 36.1464
905752 36.0774
934531 35.0996
977362 33.5846
977751 33.6354
988247 33.7643
1027837 32.6324
1030330 32.6776
1035627 32.6021
1037360 32.8681
1067226 33.9565
1071669 33.8545
1072000 33.8595
1092442 35.1038
1113042 34.5631
1114480 34.5567
1116748 34.5037
1130856 36.0280
1132876 35.9689
1295415 31.4737
1306138 31.2407
1310184 31.1466
