275920 273.3043
409094 365.6372
476788 353.3675
826862 311.9460
836090 308.5251
945666 272.9076
1159784 224.6957
1165965 223.5899
1578339 202.6365
1972943 185.7750
2084467 175.8955
2299162 160.5602
2784832 169.8133
2886992 164.8568
2921242 163.0204
3353357 176.9181
3768038 173.3550
3879233 168.4181
4093723 160.2092
4495350 167.8100
4699663 166.7290
4853512 165.1504
4969243 162.4972
5256392 159.6141
6832540 183.6587
6867516 184.1578
6880264 184.5309
7173406 180.0159
7188409 179.8347
7393560 175.6100
7429024 174.7761
7448067 174.3337
7467017 173.8957
7486044 173.4582
7505069 173.0229
7524093 172.5898
7543187 172.1573
7562291 171.7268
7581326 171.3000
7600343 170.8757
7619368 170.4534
7638450 170.0319
7657452 169.6143
7676409 169.1998
7695359 168.7874
7714319 168.3769
7733377 167.9662
7752341 167.5596
7771289 167.1553
7790275 166.7522
7809275 166.3507
7828234 165.9521
7847177 165.5557
7866161 165.1604
7885138 164.7671
7904131 164.3753
7923089 163.9862
7942041 163.5991
7961004 163.2135
7979953 162.8301
7998908 162.4484
8017870 162.0684
8036857 161.6896
8055814 161.3132
8074762 160.9388
8093717 160.5660
8112697 160.1944
8131661 159.8249
8150648 159.4566
8169637 159.0901
8187254 158.7513
8204855 158.4143
8222502 158.0779
8240103 157.7437
8257724 157.4106
8275320 157.0795
8292907 156.7499
8310515 156.4212
8328127 156.0940
8345742 155.7680
8363339 155.4437
8380974 155.1201
8398593 154.7982
8416206 154.4777
8433817 154.1586
8451521 153.8391
8469274 153.5201
8487026 153.2024
8504738 152.8867
8522483 152.5718
8540258 152.2577
8557902 151.9472
8575506 151.6387
8593110 151.3314
8610749 151.0248
8628350 150.7201
8645940 150.4168
8663541 150.1146
8681160 149.8133
8698775 149.5133
8716415 149.2140
8734047 148.9161
8751664 148.6197
8769269 148.3246
8786914 148.0301
8804515 147.7375
8822151 147.4454
8839740 147.1554
8857344 146.8662
8874979 146.5776
8892617 146.2902
8910232 146.0043
8927829 145.7197
8945464 145.4357
8963095 145.1529
8980758 144.8706
8998372 144.5903
9015973 144.3113
9033580 144.0332
9051215 143.7558
9068829 143.4798
9086447 143.2048
9104085 142.9306
9121674 142.6582
9139283 142.3865
9156884 142.1160
9174523 141.8459
9192131 141.5774
9209730 141.3100
9227331 141.0436
9244950 140.7780
9262570 140.5133
9280213 140.2493
9297848 139.9865
9315570 139.7233
9333295 139.4610
9351041 139.1995
9368789 138.9389
9386540 138.6793
9404261 138.4210
9421923 138.1647
9439524 137.9101
9457160 137.6560
9474775 137.4032
9492374 137.1515
9510006 136.9003
9527637 136.6500
9545250 136.4009
9562856 136.1528
9580457 135.9057
9598064 135.6595
9615699 135.4137
9633296 135.1693
9650907 134.9257
9668524 134.6829
9686113 134.4413
9703722 134.2004
9721323 133.9604
9738972 133.7206
9756580 133.4823
9774179 133.2449
9791778 133.0084
9809424 132.7721
9827032 132.5372
9844677 132.3026
9862271 132.0695
9879897 131.8368
9897498 131.6053
9915102 131.3746
9932713 131.1446
9950349 130.9151
9967938 130.6870
9985525 130.4597
10003126 130.2331
10020781 130.0066
10038396 129.7813
10055993 129.5571
10073621 129.3333
10091242 129.1104
10108855 128.8883
10126459 128.6671
10144058 128.4468
10161670 128.2270
10179355 128.0071
10197101 127.7872
10214846 127.5680
10232674 127.3486
10250395 127.1313
10268124 126.9146
10285819 126.6991
10303451 126.4851
10321086 126.2719
10338683 126.0597
10356282 125.8483
10373901 125.6374
10391516 125.4272
10409156 125.2175
10426757 125.0089
10444366 124.8009
10461971 124.5937
10479580 124.3871
10497198 124.1811
10514832 123.9756
10532421 123.7714
10550030 123.5676
10567631 123.3645
10585267 123.1617
10602882 122.9599
10620479 122.7589
10638114 122.5581
10655750 122.3580
10673363 122.1588
10690972 121.9603
10708602 121.7623
10726221 121.5650
10743856 121.3681
10761489 121.1720
10779107 120.9766
10796801 120.7811
10814390 120.5873
10831975 120.3943
10849579 120.2016
10867235 120.0090
10884843 119.8175
10902440 119.6268
10920039 119.4367
10937660 119.2469
10955275 119.0579
10972951 118.8687
10990552 118.6810
11008171 118.4937
11025772 118.3072
11043402 118.1210
11061133 117.9342
11078896 117.7478
11096651 117.5620
11114370 117.3772
11132091 117.1930
11149884 117.0086
11167499 116.8266
11185098 116.6454
11202730 116.4644
11220376 116.2839
11237989 116.1042
11255581 115.9253
11273211 115.7466
11290820 115.5687
11308455 115.3910
11326069 115.2141
11343687 115.0378
11361322 114.8618
11378911 114.6868
11396515 114.5122
11414126 114.3381
11431758 114.1643
11449373 113.9912
11466963 113.8188
11484557 113.6470
11502181 113.4754
11519786 113.3045
11537426 113.1338
11555027 112.9640
11572644 112.7946
11590249 112.6257
11607863 112.4574
11625464 112.2896
11643092 112.1221
11660681 111.9555
11678275 111.7893
11695886 111.6235
11713541 111.4577
11731156 111.2928
11748753 111.1286
11766388 110.9645
11784007 110.8011
11801622 110.6382
11819236 110.4758
11836837 110.3140
11854446 110.1526
11872088 109.9913
11889702 109.8308
11907320 109.6708
11924961 109.5110
11942550 109.3521
11960190 109.1933
11977914 109.0341
12013471 108.7374
12022648 108.6556
12132094 107.6857
12307223 106.3447
12307605 106.3465
12637404 108.2155
12887147 109.2917
13071616 109.9761
13189376 110.3358
13198908 110.2815
13299855 109.6056
13345714 110.0245
13346047 110.0230
13850659 112.4478
14080328 112.1863
14109068 112.6560
14121792 112.9025
14383585 112.3482
14385880 112.4215
14576594 111.3303
14594381 111.1966
14612162 111.0633
14629879 110.9308
14647622 110.7984
14665385 110.6662
14683108 110.5346
14700751 110.4039
14718350 110.2739
14735976 110.1440
14753589 110.0144
14771186 109.8854
14788804 109.7564
14806438 109.6277
14824046 109.4994
14841655 109.3715
14859271 109.2438
14876897 109.1163
14894512 108.9892
14912111 108.8625
14929753 108.7358
14947382 108.6095
14964997 108.4836
14982606 108.3581
15000234 108.2327
15017853 108.1077
15035495 107.9827
15053138 107.8581
15070758 107.7340
15088452 107.6095
15106045 107.4861
15123649 107.3630
15141260 107.2400
15158920 107.1170
15176535 106.9946
15194132 106.8726
15211740 106.7508
15229352 106.6293
15246957 106.5081
15264600 106.3869
15282196 106.2663
15299805 106.1459
15317406 106.0258
15335118 105.9052
15352856 105.7848
15370617 105.6644
15388338 105.5446
15406067 105.4251
15423788 105.3058
15441455 105.1872
15459070 105.0693
15476667 104.9517
15494302 104.8341
15511926 104.7169
15529541 104.6000
15547147 104.4834
15564743 104.3672
15582352 104.2511
15599984 104.1351
15617598 104.0195
15635221 103.9042
15652842 103.7891
15670440 103.6744
15688049 103.5599
15705660 103.4456
15723316 103.3313
15740931 103.2175
15758528 103.1041
15776129 102.9909
15793743 102.8779
15811358 102.7651
15829001 102.6524
15846600 102.5402
15864217 102.4282
15881825 102.3165
15899429 102.2050
15917052 102.0937
15934680 101.9826
15952269 101.8720
15969878 101.7615
15987489 101.6512
16005138 101.5409
16022753 101.4311
16040352 101.3216
16057987 101.2122
16075626 101.1029
16093231 100.9941
16110837 100.8856
16128469 100.7771
16146090 100.6689
16163736 100.5608
16181366 100.4531
16199073 100.3451
16216890 100.2366
16234623 100.1289
16252352 100.0215
16270076 99.9143
16287856 99.8070
16305519 99.7007
16323116 99.5950
16340717 99.4895
16358336 99.3841
16375951 99.2790
16393589 99.1740
16411190 99.0694
16428816 98.9649
16446424 98.8607
16464028 98.7568
16481629 98.6531
16499257 98.5494
16516879 98.4460
16534488 98.3430
16552089 98.2401
16569803 98.1369
16587408 98.0345
16605005 97.9324
16622640 97.8302
16640286 97.7282
16657891 97.6267
16675483 97.5254
16693115 97.4242
16710722 97.3233
16728364 97.2224
16745961 97.1219
16763579 97.0216
16781196 96.9215
16798785 96.8217
16816379 96.7222
16833980 96.6228
16851636 96.5233
16869251 96.4242
16886850 96.3254
16904449 96.2269
16922080 96.1283
16939688 96.0301
16957328 95.9320
16974963 95.8340
16992582 95.7364
17010190 95.6390
17027837 95.5416
17045438 95.4446
17063170 95.3471
17080891 95.2499
17098610 95.1529
17116331 95.0561
17134127 94.9591
17151876 94.8625
17169528 94.7667
17187160 94.6712
17204784 94.5759
17222399 94.4808
17240003 94.3861
17257602 94.2915
17275211 94.1971
17292833 94.1028
17310447 94.0087
17328067 93.9148
17345686 93.8211
17363275 93.7277
17380884 93.6344
17398485 93.5414
17416117 93.4483
17433766 93.3554
17451363 93.2629
17468962 93.1707
17486608 93.0783
17504223 92.9863
17521863 92.8944
17539498 92.8026
17557115 92.7112
17574723 92.6199
17592356 92.5288
17609974 92.4378
17627608 92.3470
17645206 92.2566
17662800 92.1663
17680413 92.0761
17698051 91.9860
17715652 91.8963
17733251 91.8067
17750883 91.7172
17768502 91.6279
17786115 91.5388
17803724 91.4499
17821323 91.3612
17838935 91.2726
17856570 91.1841
17874217 91.0957
17891840 91.0076
17909537 90.9193
17927193 90.8314
17944922 90.7433
17962643 90.6554
17980433 90.5673
17998180 90.4796
18015902 90.3923
18033597 90.3052
18051218 90.2186
18068833 90.1323
18086478 90.0460
18104079 89.9600
18121696 89.8742
18139301 89.7886
18156900 89.7031
18174518 89.6178
18192152 89.5325
18209741 89.4476
18227350 89.3628
18244961 89.2782
18262597 89.1936
18280212 89.1092
18297809 89.0251
18315444 88.9410
18333056 88.8571
18350671 88.7734
18368285 88.6899
18385886 88.6065
18403495 88.5234
18421130 88.4402
18438777 88.3571
18456395 88.2744
18474082 88.1914
18491671 88.1091
18509258 88.0270
18526862 87.9449
18544518 87.8627
18562126 87.7810
18579725 87.6994
18597326 87.6179
18614945 87.5366
18632560 87.4554
18650203 87.3742
18667804 87.2934
18685425 87.2126
18703033 87.1321
18720647 87.0517
18738265 86.9714
18755893 86.8912
18773515 86.8112
18791124 86.7314
18808725 86.6518
18826439 86.5718
18844054 86.4924
18861740 86.4128
18879435 86.3334
18897081 86.2543
18914694 86.1755
18932298 86.0969
18949930 86.0184
18967537 85.9401
18985150 85.8619
19002747 85.7839
19020365 85.7060
19038000 85.6281
19055598 85.5506
19073192 85.4732
19090793 85.3959
19095899 85.3772
