213345 353.4764
350138 542.1917
399194 385.3025
645687 362.8179
650108 4.1692
713675 1.9615
837534 20.3380
841335 26.1860
1090332 237.4489
1326690 197.5579
1390689 1.9530
1514737 20.3070
1835113 323.8862
1898482 47.9544
1918861 13.8307
2195886 422.4596
2437239 248.3681
2501681 1.9396
2625388 19.4789
2901927 356.3506
3023814 239.6110
3115099 197.0711
3185673 84.0062
3378242 163.6111
4324002 439.9903
4343337 509.4976
4356116 384.6310
4554683 109.3108
4564180 147.2438
4750292 30.3978
4773004 1.4574
4787210 2.3328
4801359 2.3422
4815575 2.3311
4829802 2.3266
4844029 2.3293
4858319 2.3190
4872599 2.3207
4886850 2.3227
4901079 2.3290
4915307 2.3292
4929615 2.3161
4943830 2.3286
4958012 2.3367
4972154 2.3433
4986305 2.3418
5000485 2.3343
5014647 2.3400
5028785 2.3440
5042974 2.3356
5057133 2.3378
5071298 2.3395
5085446 2.3423
5099607 2.3402
5113777 2.3360
5127980 2.3333
5142138 2.3407
5156314 2.3377
5170493 2.3345
5184638 2.3428
5198800 2.3400
5212968 2.3390
5227168 2.3310
5241336 2.3390
5255478 2.3433
5269639 2.3402
5283808 2.3361
5297973 2.3395
5312159 2.3360
5326354 2.3346
5339180 2.2694
5351974 2.2781
5364810 2.2706
5377627 2.2740
5390461 2.2680
5403290 2.2719
5416099 2.2754
5428913 2.2745
5441830 2.2534
5454641 2.2750
5467436 2.2779
5480267 2.2715
5493093 2.2694
5505906 2.2747
5518705 2.2772
5531611 2.2583
5544563 2.2473
5557524 2.2487
5570436 2.2572
5583390 2.2499
5596363 2.2437
5609205 2.2696
5621995 2.2788
5634805 2.2752
5647665 2.2634
5660478 2.2747
5673270 2.2784
5686070 2.2770
5698885 2.2713
5711698 2.2747
5724531 2.2711
5737372 2.2697
5750190 2.2708
5762984 2.2781
5775826 2.2696
5788650 2.2727
5801488 2.2673
5814285 2.2775
5827076 2.2786
5839890 2.2745
5852747 2.2639
5865550 2.2765
5878348 2.2774
5891182 2.2710
5904007 2.2696
5916821 2.2745
5929620 2.2772
5942426 2.2759
5955244 2.2708
5968072 2.2720
5980904 2.2713
5993715 2.2750
6006612 2.2569
6019406 2.2781
6032214 2.2756
6045024 2.2752
6057877 2.2646
6070726 2.2683
6083525 2.2772
6096325 2.2770
6109160 2.2678
6121961 2.2768
6134804 2.2694
6147645 2.2697
6160569 2.2522
6173496 2.2546
6186435 2.2525
6199371 2.2531
6212338 2.2447
6225296 2.2492
6238169 2.2641
6250979 2.2752
6263892 2.2541
6276703 2.2750
6289502 2.2772
6302336 2.2710
6315165 2.2689
6327983 2.2738
6340782 2.2772
6353588 2.2759
6366416 2.2690
6379244 2.2720
6392090 2.2688
6404914 2.2727
6417815 2.2562
6430609 2.2781
6443400 2.2786
6456214 2.2745
6469067 2.2646
6481920 2.2676
6494718 2.2774
6507518 2.2770
6520346 2.2690
6533159 2.2747
6545992 2.2711
6558799 2.2758
6571617 2.2708
6584411 2.2781
6597223 2.2749
6610023 2.2770
6622859 2.2676
6635663 2.2763
6648464 2.2768
6661268 2.2763
6674120 2.2648
6686933 2.2747
6699732 2.2772
6712566 2.2710
6725395 2.2689
6738208 2.2747
6751007 2.2772
6763804 2.2775
6776622 2.2708
6789515 2.2606
6802429 2.2569
6815383 2.2499
6828335 2.2473
6841253 2.2562
6854187 2.2534
6867073 2.2618
6879933 2.2634
6892736 2.2765
6905534 2.2774
6918335 2.2768
6931150 2.2713
6943964 2.2745
6956797 2.2711
6969604 2.2758
6982422 2.2708
6995216 2.2781
7008024 2.2756
7020841 2.2740
7033672 2.2685
7046463 2.2786
7059272 2.2754
7072080 2.2756
7084909 2.2689
7097720 2.2750
7110519 2.2772
7123353 2.2710
7136182 2.2689
7148983 2.2768
7161792 2.2754
7174589 2.2775
7187407 2.2708
7200235 2.2720
7213049 2.2745
7225874 2.2726
7238712 2.2673
7251506 2.2781
7264315 2.2754
7277125 2.2752
7289978 2.2646
7302789 2.2750
7315581 2.2784
7328378 2.2775
7341207 2.2689
7354020 2.2747
7366853 2.2711
7379660 2.2758
7392478 2.2708
7405272 2.2781
7418112 2.2699
7431066 2.2499
7444033 2.2447
7456953 2.2559
7469887 2.2534
7482800 2.2571
7495739 2.2496
7508550 2.2750
7521342 2.2784
7534176 2.2710
7547005 2.2689
7559818 2.2747
7572617 2.2772
7585414 2.2775
7598232 2.2708
7611060 2.2720
7623874 2.2745
7636699 2.2726
7649537 2.2673
7662327 2.2788
7675128 2.2768
7687932 2.2763
7700785 2.2646
7713588 2.2765
7726387 2.2772
7739184 2.2775
7752009 2.2696
7764822 2.2747
7777655 2.2711
7790462 2.2758
7803280 2.2708
7816074 2.2781
7828882 2.2756
7841699 2.2740
7854530 2.2685
7867327 2.2775
7880136 2.2754
7892950 2.2745
7905789 2.2671
7918592 2.2765
7931390 2.2774
7944225 2.2708
7957054 2.2689
7969867 2.2747
7982666 2.2772
7995472 2.2759
8008297 2.2696
8021125 2.2720
8033923 2.2774
8046740 2.2740
8059578 2.2673
8072372 2.2781
8085215 2.2694
8098128 2.2571
8119297 14.7440
8124446 2.3865
8187481 1.9732
8291416 23.0529
8291800 163.2000
8495728 287.8723
8635971 291.5972
8747764 260.3666
8818403 250.4951
8823965 60.7551
8883925 35.7454
8915169 339.8039
8915503 49.6671
9207879 305.7161
9348660 157.2867
9365814 574.2763
9378500 387.4507
9562461 117.3285
9564677 592.2195
9742306 31.1577
9755298 2.2404
9768194 2.2600
9781115 2.2557
9794058 2.2518
9806996 2.2497
9819907 2.2574
9832750 2.2694
9845547 2.2775
9858383 2.2676
9871194 2.2750
9883992 2.2774
9896817 2.2726
9909651 2.2680
9922449 2.2774
9935264 2.2743
9948067 2.2765
9960886 2.2706
9973701 2.2743
9986493 2.2784
9999335 2.2696
10012167 2.2683
10024974 2.2758
10037783 2.2754
10050621 2.2703
10063443 2.2701
10076280 2.2704
10089089 2.2754
10101910 2.2733
10114732 2.2701
10127539 2.2758
10140348 2.2754
10153158 2.2752
10166018 2.2634
10178818 2.2770
10191617 2.2772
10204431 2.2745
10217257 2.2694
10230064 2.2758
10242906 2.2696
10255713 2.2758
10268531 2.2708
10281325 2.2781
10294239 2.2569
10307186 2.2511
10320153 2.2447
10333077 2.2552
10346005 2.2545
10358918 2.2571
10371794 2.2606
10384609 2.2743
10397401 2.2784
10410235 2.2710
10423060 2.2696
10435868 2.2756
10448667 2.2772
10461467 2.2770
10474285 2.2708
10487113 2.2720
10499927 2.2745
10512744 2.2740
10525582 2.2673
10538372 2.2788
10551181 2.2754
10563995 2.2745
10576848 2.2646
10589661 2.2747
10602460 2.2772
10615261 2.2768
10628076 2.2713
10640889 2.2747
10653732 2.2694
10666573 2.2697
10679391 2.2708
10692198 2.2758
10705044 2.2688
10717869 2.2726
10730700 2.2685
10743529 2.2719
10756338 2.2754
10769148 2.2752
10782065 2.2534
10794876 2.2750
10807668 2.2784
10820502 2.2710
10833351 2.2653
10846165 2.2745
10858964 2.2772
10871795 2.2715
10884614 2.2706
10897449 2.2708
10910295 2.2688
10923214 2.2560
10936247 2.2333
10949170 2.2553
10962098 2.2545
10975011 2.2571
10988000 2.2409
11000897 2.2599
11013689 2.2784
11026489 2.2770
11039324 2.2678
11052132 2.2756
11064965 2.2711
11077802 2.2704
11090620 2.2708
11103414 2.2781
11116256 2.2696
11129080 2.2727
11141916 2.2676
11154754 2.2703
11167555 2.2768
11180365 2.2752
11193278 2.2541
11206091 2.2747
11218890 2.2772
11231721 2.2715
11244570 2.2653
11257384 2.2745
11270183 2.2772
11283014 2.2715
11295832 2.2708
11308673 2.2697
11321487 2.2745
11334290 2.2765
11347128 2.2673
11359918 2.2788
11372726 2.2756
11385530 2.2763
11398390 2.2634
11411205 2.2743
11424003 2.2774
11436803 2.2770
11449631 2.2690
11462445 2.2745
11475278 2.2711
11488081 2.2765
11500899 2.2708
11513693 2.2781
11526501 2.2756
11539312 2.2750
11552235 2.2524
11565197 2.2485
11578131 2.2534
11591044 2.2571
11604093 2.2306
11617040 2.2511
11629896 2.2671
11642731 2.2708
11655557 2.2694
11668368 2.2750
11681177 2.2754
11693974 2.2775
11706792 2.2708
11719620 2.2720
11732434 2.2745
11745259 2.2726
11758097 2.2673
11770891 2.2781
11783700 2.2754
11796510 2.2752
11809370 2.2634
11822190 2.2734
11834989 2.2772
11847786 2.2775
11860618 2.2683
11873426 2.2756
11886276 2.2681
11899083 2.2758
11911901 2.2708
11924695 2.2781
11937509 2.2745
11950326 2.2740
11963157 2.2685
11975948 2.2786
11988757 2.2754
12001571 2.2745
12014410 2.2671
12027213 2.2765
12040005 2.2784
12052839 2.2710
12065664 2.2696
12078478 2.2745
12091277 2.2772
12104074 2.2775
12116893 2.2706
12129734 2.2697
12142542 2.2756
12155359 2.2740
12168197 2.2673
12181053 2.2671
12193987 2.2534
12206900 2.2571
12219889 2.2409
12232840 2.2505
12245768 2.2545
12258660 2.2608
12271485 2.2696
12284298 2.2747
12297131 2.2711
12309972 2.2697
12322790 2.2708
12335584 2.2781
12348426 2.2696
12361251 2.2726
12374087 2.2676
12386912 2.2726
12399721 2.2754
12412531 2.2752
12425448 2.2534
12438263 2.2743
12451062 2.2772
12463893 2.2715
12476722 2.2689
12489536 2.2745
12502335 2.2772
12515132 2.2775
12527957 2.2696
12540785 2.2720
12553599 2.2745
12566410 2.2750
12579248 2.2673
12592038 2.2788
12604846 2.2756
12617660 2.2745
12630520 2.2634
12643333 2.2747
12656125 2.2784
12668925 2.2770
12681740 2.2713
12694551 2.2750
12707394 2.2694
12720201 2.2758
12733019 2.2708
12745813 2.2781
12758625 2.2749
12771450 2.2726
12784286 2.2676
12797082 2.2777
12809891 2.2754
12822701 2.2752
12835540 2.2671
12848351 2.2750
12861246 2.2602
12874138 2.2608
12886964 2.2694
12899778 2.2745
12912577 2.2772
12925374 2.2775
12938192 2.2708
12950986 2.2781
12963798 2.2749
12976615 2.2740
12989453 2.2673
13002243 2.2788
13015052 2.2754
13027866 2.2745
13032169 18.2764
