181197 416.2091
318886 538.6093
361917 439.2508
561627 447.7297
564451 6.5269
604712 3.0969
683261 32.0697
685862 38.2671
869255 322.3307
1047511 261.9514
1088192 3.0725
1167009 30.7465
1444846 373.3933
1488204 70.0868
1501009 22.0114
1723606 525.2692
1911434 319.1186
1951826 3.0945
2030593 31.1131
2277770 398.4049
2374650 301.4606
2445936 252.3586
2493883 123.4579
2644921 208.5994
3377622 565.8194
3393227 631.2906
3405795 391.0885
3564765 136.5385
3571525 206.8601
3747739 32.1053
3764034 2.0313
3775910 2.7904
3787653 2.8220
3799480 2.8020
3811291 2.8025
3823112 2.8034
3834995 2.7888
3846889 2.7862
3858729 2.7957
3870565 2.7999
3882390 2.8025
3894274 2.7886
3906077 2.8044
3917819 2.8223
3929574 2.8192
3941333 2.8182
3953198 2.7898
3964954 2.8189
3976687 2.8244
3988483 2.8094
4000258 2.8111
4012024 2.8165
4023777 2.8196
4035536 2.8182
4047313 2.8106
4059106 2.8101
4070863 2.8187
4082632 2.8158
4094414 2.8094
4106161 2.8211
4117921 2.8180
4129680 2.8182
4141487 2.8035
4153239 2.8199
4164987 2.8208
4176749 2.8175
4188524 2.8111
4200283 2.8182
4212060 2.8139
4223819 2.8182
4234235 2.7945
4244633 2.8030
4255076 2.7909
4265477 2.8022
4275908 2.7905
4286304 2.8035
4296691 2.8060
4307097 2.8008
4317535 2.7886
4327950 2.7984
4338339 2.8054
4348774 2.7931
4359188 2.7950
4369593 2.8011
4380004 2.7995
4390508 2.7747
4401059 2.7587
4411618 2.7603
4422120 2.7752
4432665 2.7639
4443211 2.7600
4453655 2.7907
4464049 2.8041
4474450 2.8022
4484906 2.7838
4495306 2.8025
4505703 2.8033
4516104 2.8022
4526537 2.7899
4536942 2.8011
4547379 2.7925
4557780 2.8022
4568201 2.7931
4578606 2.8011
4589017 2.7995
4599440 2.7963
4609861 2.7931
4620249 2.8057
4630641 2.8046
4641042 2.8022
4651497 2.7840
4661897 2.8025
4672296 2.8027
4682728 2.7939
4693147 2.7937
4703567 2.7971
4713976 2.8000
4724370 2.8041
4734791 2.7931
4745223 2.7939
4755634 2.7995
4766035 2.8022
4776470 2.7894
4786861 2.8049
4797253 2.8046
4807656 2.8017
4818095 2.7883
4828534 2.7920
4838921 2.8060
4849320 2.8027
4859766 2.7864
4870186 2.7971
4880623 2.7925
4891017 2.8041
4901532 2.7682
4912057 2.7692
4922569 2.7726
4933114 2.7639
4943677 2.7556
4954200 2.7697
4964661 2.7861
4975062 2.8022
4985517 2.7840
4995932 2.7984
5006319 2.8060
5016754 2.7931
5027185 2.7905
5037593 2.8003
5047985 2.8046
5058381 2.8035
5068797 2.7945
5079233 2.7928
5089646 2.7990
5100047 2.8022
5110466 2.7937
5120854 2.8057
5131263 2.8000
5141664 2.8022
5152096 2.7902
5162508 2.7992
5172907 2.8027
5183306 2.8027
5193725 2.7937
5204130 2.8011
5214556 2.7955
5224950 2.8041
5235376 2.7918
5245774 2.8030
5256187 2.7990
5266610 2.7963
5277045 2.7894
5287441 2.8035
5297845 2.8014
5308246 2.8022
5318701 2.7840
5329116 2.7984
5339515 2.8027
5349947 2.7939
5360366 2.7937
5370771 2.8011
5381175 2.8014
5391571 2.8035
5401990 2.7937
5412491 2.7755
5423003 2.7726
5433548 2.7639
5444099 2.7587
5454627 2.7684
5465146 2.7708
5475643 2.7766
5486099 2.7838
5496499 2.8025
5506898 2.8027
5517297 2.8027
5527709 2.7955
5538129 2.7971
5548566 2.7925
5558960 2.8041
5569376 2.7945
5579774 2.8030
5590173 2.8027
5600596 2.7963
5611024 2.7913
5621415 2.8049
5631821 2.8008
5642222 2.8022
5652671 2.7856
5663071 2.8025
5673470 2.8027
5683905 2.7931
5694338 2.7899
5704758 2.7971
5715164 2.8008
5725560 2.8035
5735981 2.7931
5746417 2.7928
5756828 2.7995
5767229 2.8022
5777650 2.7931
5788041 2.8049
5798428 2.8060
5808831 2.8017
5819287 2.7838
5829702 2.7984
5840101 2.8027
5850500 2.8027
5860936 2.7891
5871356 2.7971
5881837 2.7808
5892236 2.8027
5902643 2.7969
5913046 2.8017
5923481 2.7931
5934031 2.7626
5944594 2.7556
5955156 2.7595
5965685 2.7681
5976206 2.7702
5986823 2.7416
5997238 2.7984
6007635 2.8033
6018070 2.7931
6028503 2.7899
6038908 2.8011
6049319 2.7995
6059715 2.8035
6070134 2.7937
6080570 2.7928
6090983 2.7990
6101401 2.7976
6111822 2.7931
6122210 2.8057
6132614 2.8014
6143020 2.8008
6153452 2.7902
6163867 2.7984
6174266 2.8027
6184665 2.8027
6195098 2.7899
6205503 2.8011
6215946 2.7909
6226340 2.8041
6236747 2.7969
6247152 2.8011
6257563 2.7995
6267986 2.7963
6278421 2.7894
6288817 2.8035
6299209 2.8046
6309610 2.8022
6320041 2.7905
6330446 2.8011
6340845 2.8027
6351280 2.7931
6361699 2.7937
6372114 2.7984
6382518 2.8014
6392914 2.8035
6403335 2.7931
6413774 2.7920
6424171 2.8033
6434572 2.8022
6444993 2.7931
6455384 2.8049
6465807 2.7963
6476330 2.7697
6490343 22.2733
6493497 3.8960
6537364 2.6393
6605859 34.9807
6606242 163.6261
6760341 380.6890
6873664 360.8664
6957207 348.4093
7011277 327.2558
7014781 96.4384
7054422 54.0677
7079208 428.3399
7079541 49.8162
7280443 444.5699
7385076 211.6252
7400297 647.2170
7413028 386.0812
7560246 146.1526
7562485 586.1360
7734142 32.2417
7744729 2.7493
7755223 2.7774
7765740 2.7713
7776283 2.7645
7786836 2.7582
7797330 2.7774
7807777 2.7899
7818185 2.8003
7828618 2.7899
7839030 2.7992
7849427 2.8033
7859845 2.7976
7870283 2.7886
7880674 2.8049
7891083 2.8000
7901498 2.7984
7911953 2.7840
7922368 2.7984
7932757 2.8054
7943199 2.7912
7953625 2.7918
7964040 2.7984
7974451 2.7995
7984879 2.7949
7995300 2.7931
8005736 2.7928
8016179 2.7909
8026597 2.7976
8037101 2.7711
8047504 2.8017
8057910 2.8008
8068321 2.7995
8078767 2.7864
8089182 2.7984
8099579 2.8033
8109987 2.8003
8120420 2.7899
8130825 2.8011
8141268 2.7909
8151669 2.8022
8162085 2.7945
8172490 2.8011
8182992 2.7752
8193547 2.7613
8204110 2.7556
8214638 2.7684
8225155 2.7713
8235676 2.7702
8246143 2.7809
8256536 2.8043
8266935 2.8027
8277370 2.7931
8287798 2.7913
8298203 2.8011
8308609 2.8008
8319008 2.8027
8329429 2.7931
8339851 2.7965
8350248 2.8033
8360649 2.8022
8371068 2.7937
8381459 2.8049
8391863 2.8014
8402264 2.8022
8412696 2.7902
8423096 2.8025
8433483 2.8060
8443884 2.8022
8454298 2.7950
8464703 2.8011
8475146 2.7909
8485581 2.7931
8495990 2.7963
8506386 2.8035
8516816 2.7944
8527234 2.7976
8537662 2.7913
8548060 2.8030
8558447 2.8060
8568848 2.8022
8579303 2.7840
8589718 2.7984
8600117 2.8027
8610549 2.7939
8620985 2.7891
8631405 2.7971
8641797 2.8046
8652232 2.7931
8662653 2.7931
8673082 2.7947
8683512 2.7944
8694019 2.7739
8704650 2.7380
8715173 2.7697
8725690 2.7713
8736211 2.7702
8746791 2.7512
8757281 2.7784
8767678 2.8033
8778077 2.8027
8788509 2.7902
8798914 2.8011
8809354 2.7917
8819755 2.8022
8830174 2.7937
8840577 2.8017
8850990 2.7990
8861408 2.7976
8871836 2.7913
8882258 2.7965
8892667 2.8000
8903068 2.8022
8913582 2.7684
8923997 2.7984
8934386 2.8054
8944818 2.7939
8955264 2.7864
8965676 2.7992
8976085 2.8000
8986515 2.7944
8996924 2.7963
9007363 2.7920
9017810 2.7899
9028228 2.7976
9038722 2.7737
9049110 2.8057
9059502 2.8046
9069903 2.8022
9080359 2.7838
9090774 2.7984
9101173 2.8027
9111567 2.8041
9121993 2.7918
9132408 2.7984
9142855 2.7899
9153256 2.8022
9163675 2.7937
9174083 2.8003
9184482 2.8027
9194883 2.8022
9205417 2.7632
9215973 2.7610
9226502 2.7681
9237023 2.7702
9247654 2.7380
9258179 2.7692
9268638 2.7867
9279066 2.7949
9289512 2.7864
9299927 2.7984
9310331 2.8014
9320766 2.7931
9331175 2.7963
9341614 2.7920
9352047 2.7936
9362465 2.7976
9372966 2.7719
9383364 2.8030
9393751 2.8060
9404154 2.8017
9414587 2.7899
9425002 2.7984
9435401 2.8027
9445800 2.8027
9456231 2.7905
9466651 2.7971
9477077 2.7955
9487478 2.8022
9497897 2.7937
9508302 2.8011
9518701 2.8027
9529119 2.7976
9539554 2.7894
9549942 2.8057
9560353 2.7995
9570754 2.8022
9581180 2.7918
9591595 2.7984
9601992 2.8033
9612455 2.7856
9622901 2.7864
9633306 2.8011
9643710 2.8014
9654140 2.7944
9664566 2.7918
9675002 2.7928
9685447 2.7904
9695865 2.7976
9706366 2.7719
9716829 2.7856
9727348 2.7708
9737869 2.7702
9748459 2.7486
9759039 2.7548
9769563 2.7694
9780053 2.7784
9790499 2.7864
9800914 2.7984
9811357 2.7909
9821751 2.8041
9832167 2.7945
9842565 2.8030
9852974 2.8000
9863392 2.7976
9873820 2.7913
9884216 2.8035
9894625 2.8000
9905026 2.8022
9915464 2.7886
9925879 2.7984
9936276 2.8033
9946704 2.7949
9957132 2.7913
9967547 2.7984
9977960 2.7990
9988359 2.8027
9998778 2.7937
10009220 2.7912
10019617 2.8033
10030018 2.8022
10040437 2.7937
10050828 2.8049
10061213 2.8065
10071614 2.8022
10082070 2.7838
10092504 2.7933
10102903 2.8027
10113297 2.8041
10123743 2.7864
10134158 2.7984
10144601 2.7909
10155002 2.8022
10165411 2.7963
10175823 2.7992
10186220 2.8033
10196638 2.7976
10207073 2.7894
10217461 2.8057
10227848 2.8060
10238249 2.8022
10248704 2.7840
10259119 2.7984
10269609 2.7784
10280099 2.7784
10290532 2.7899
10300940 2.8003
10311351 2.7995
10321752 2.8022
10332171 2.7937
10342583 2.7992
10352980 2.8033
10363398 2.7976
10373840 2.7875
10384236 2.8035
10394628 2.8046
10405029 2.8022
10408941 20.1031
