57093 132.1068
87095 151.8696
95153 148.6630
122275 234.9986
123789 12.1744
145954 5.6253
186024 3.9291
187704 59.2457
214094 160.7824
253416 79.3742
276024 5.5287
303886 5.6507
354952 139.0840
382335 6.9359
389425 39.7540
415007 298.8391
435439 190.9475
453984 6.7399
491558 4.1901
537263 140.3152
542808 340.1638
554562 119.1792
577291 260.0367
621549 49.6984
729440 256.3996
733968 159.0954
736279 132.9295
785041 173.8041
788208 31.3311
954095 2.2333
969847 2.1014
979925 3.2883
990000 3.2893
999952 3.3299
1009989 3.2979
1019940 3.3302
1029886 3.3319
1039847 3.3269
1049810 3.3224
1059761 3.3302
1069707 3.3319
1079659 3.3299
1089634 3.3184
1099575 3.3336
1109535 3.3272
1119485 3.3306
1125779 8.1998
1127464 8.3865
1150405 5.4216
1191299 3.8500
1191685 162.3544
1205359 273.4561
1244543 67.9879
1247753 553.1514
1250991 341.5442
1252580 211.5021
1275651 92.9000
1280296 142.8530
1280627 50.1172
1303170 271.8372
1322344 87.3182
1324309 316.5802
1326657 130.8348
1364199 211.0190
1367331 29.2782
1533106 2.1700
1546835 2.1201
1555579 3.3332
1564301 3.3416
1572911 3.3851
1581647 3.3319
1590289 3.3726
1598880 3.3926
1607488 3.3859
1616104 3.3783
1624714 3.3851
1633315 3.3886
1643922 2.9360
1653897 3.3184
1663846 3.3309
1673799 3.3296
1683750 3.3302
1690037 4.9596
