80918 7.1354
97482 11.8459
110079 11.1842
177099 10.3394
181589 10.1937
244164 8.0926
339206 5.8921
343017 6.1171
400528 7.7360
491020 6.7283
552925 6.2010
573775 6.0152
655290 6.9096
710428 6.5612
729077 6.7800
775105 16.2487
815893 18.9220
833700 18.6678
854548 18.2389
890798 18.1050
898912 18.1292
924499 17.7421
946839 23.5658
1052090 21.3499
1214682 24.8637
1222138 24.7646
1244281 24.3453
1311814 24.8525
1319803 24.7065
1490571 21.8915
1541401 21.1911
1559722 20.9443
1564875 20.8835
1628320 20.1462
1724647 19.0341
1725028 19.0663
1740212 19.1760
1832329 18.3139
1836923 18.3377
1842244 18.3422
1844493 18.5027
1905315 19.0370
1909749 19.0145
1910080 19.0199
1948508 19.6976
1994590 19.3034
1996021 19.3102
2001441 19.2712
2016046 20.2280
2018067 20.2107
2181206 18.7097
2195539 18.6026
2200198 18.5647
