63615 311.4930
102947 372.6733
115855 372.4954
186862 353.8393
188862 350.1898
217696 304.3797
274601 243.5971
276603 242.1938
338540 243.1457
408957 231.8071
437949 216.7470
494001 193.4286
588548 207.1188
620788 197.5860
629559 195.2810
695957 219.2849
752290 223.1350
781017 215.0878
836097 201.6716
911833 211.9697
925884 216.7252
945742 217.1638
981398 215.2964
1048249 209.9593
1307529 250.3277
1312403 251.2856
1316257 251.4834
1448660 232.2444
1453006 231.8229
1621590 208.6360
1634745 206.9773
1645420 205.6547
1656106 204.3477
1666736 203.0643
1677384 201.7950
1687935 200.5532
1698532 199.3215
1709080 198.1107
1719649 196.9124
1730205 195.7302
1740750 194.5635
1751317 193.4085
1761901 192.2655
1772452 191.1396
1782997 190.0278
1793551 188.9281
1804128 187.8388
1814668 186.7660
1825210 185.7055
1835795 184.6528
1846372 183.6129
1856927 182.5871
1867473 181.5737
1878010 180.5726
1888579 179.5796
1899172 178.5954
1909724 177.6259
1920285 176.6663
1930851 175.7167
1941389 174.7800
1951931 173.8530
1962481 172.9353
1973080 172.0231
1983634 171.1245
1994180 170.2362
2004730 169.3568
2015306 168.4845
2025862 167.6229
2036452 166.7675
2047000 165.9244
2056211 165.1953
2065419 164.4729
2074631 163.7567
2083831 163.0477
2093069 162.3419
2102273 161.6451
2111464 160.9552
2120674 160.2700
2130046 159.5784
2139397 158.8946
2148722 158.2186
2158046 157.5485
2167289 156.8900
2176599 156.2323
2185835 155.5855
2195032 154.9469
2204257 154.3116
2213457 153.6834
2222669 153.0596
2231886 152.4406
2241114 151.8259
2250305 151.2187
2259496 150.6165
2268710 150.0176
2277526 149.5276
2279675 149.3920
2311773 147.3678
2361550 144.5225
2361932 144.5256
2405227 148.0979
2441145 150.1069
2452639 152.3729
2463223 153.5141
2465781 153.4919
2495098 152.5474
2504194 153.0532
2504525 153.0396
2565072 158.4656
2599644 158.6366
2604461 159.2943
2608282 159.5321
2741254 153.7731
2745229 153.6750
2913476 145.2824
2922784 144.8296
2932116 144.3786
2941385 143.9336
2950694 143.4894
2959980 143.0490
2969276 142.6110
2978511 142.1786
2987714 141.7504
2996932 141.3241
3006133 140.9013
3015349 140.4803
3024555 140.0624
3033798 139.6452
3043002 139.2324
3052224 138.8213
3061434 138.4132
3070673 138.0062
3079870 137.6036
3089078 137.2028
3098327 136.8027
3107546 136.4062
3116737 136.0133
3126018 135.6188
3135355 135.2242
3144703 134.8315
3154068 134.4404
3163380 134.0539
3172641 133.6718
3181914 133.2913
3191117 132.9161
3200315 132.5432
3209525 132.1719
3218764 131.8016
3227976 131.4345
3237175 131.0700
3246383 130.7072
3255595 130.3463
3264798 129.9878
3273997 129.6314
3283204 129.2768
3292415 128.9240
3301619 128.5734
3310827 128.2246
3320027 127.8781
3329252 127.5325
3338443 127.1901
3347644 126.8492
3356852 126.5100
3366104 126.1709
3375316 125.8352
3384514 125.5018
3393714 125.1702
3402929 124.8398
3412144 124.5112
3421343 124.1849
3430540 123.8605
3439758 123.5370
3448959 123.2159
3458167 122.8962
3467384 122.5780
3476606 122.2612
3485800 121.9471
3494991 121.6347
3504205 121.3232
3512559 121.0511
