27047 21.3474
43611 34.8577
51311 9.9192
73510 27.0265
75199 11.8224
97424 5.6170
130861 0.6799
132571 58.2512
154269 46.0984
183823 6.9435
206426 5.5299
227273 1.0868
273913 23.0795
299726 5.1710
306469 41.7998
332043 299.0137
350743 152.0804
368625 6.9898
389473 1.0867
411519 23.3542
414737 52.2899
423519 12.1208
445951 263.8973
482486 4.0781
559793 100.2259
562208 27.5399
570359 3.2601
595506 91.8366
598595 1.9144
762452 0.1413
778949 2.0065
785298 0.5080
786962 8.8615
810243 5.3425
844746 0.6566
845131 162.7761
854689 50.2679
886266 5.9150
888485 57.2452
893808 19.9106
895446 204.8000
919599 88.7383
924045 9.3279
924376 50.1172
942475 113.3478
959088 7.3042
960511 27.5789
965906 4.9254
979907 157.8813
981927 2.9275
1144366 0.1425
1154490 3.2695
1158443 0.8160
