112223 176.5737
151585 471.2658
170955 247.2825
276923 216.7052
281288 4.2227
344653 1.9677
469696 5.0363
473492 26.2204
582597 140.2395
711510 96.8452
775320 1.9588
900535 4.8111
1027522 207.5475
1089295 12.2983
1108911 14.3687
1205199 309.0253
1281449 199.9948
1345081 1.9643
1468048 5.1214
1552989 290.3899
1570157 429.9512
1604476 137.4921
1674765 84.0868
1801773 69.2729
2173404 288.6912
2181160 319.3993
2185006 319.5008
2381338 27.6388
2389885 46.4376
2572869 8.0987
2595619 1.4550
2609894 2.3215
2624170 2.3213
2638400 2.3288
2652641 2.3243
2666809 2.3390
2680985 2.3377
2695149 2.3397
2709318 2.3361
2723467 2.3422
2737625 2.3407
2751779 2.3413
2765963 2.3337
2780111 2.3423
2794273 2.3400
2808440 2.3392
2822620 2.3343
2836777 2.3408
2850925 2.3423
2865110 2.3362
2879290 2.3343
2893432 2.3433
2907573 2.3435
2921717 2.3430
2935889 2.3356
2950085 2.3344
2964241 2.3410
2978402 2.3402
2992574 2.3356
3006721 2.3425
3020883 2.3400
3035044 2.3402
3049245 2.3309
3063400 2.3412
3077548 2.3423
3091696 2.3423
3105876 2.3343
3120041 2.3395
3134225 2.3364
3148383 2.3407
3161208 2.2696
3174002 2.2781
3186818 2.2742
3199643 2.2726
3212474 2.2685
3225265 2.2786
3238056 2.2786
3250866 2.2752
3263831 2.2451
3276768 2.2529
3289692 2.2552
3302628 2.2531
3315483 2.2643
3328393 2.2576
3341226 2.2711
3354032 2.2759
3366851 2.2706
3379645 2.2781
3392459 2.2745
3405276 2.2740
3418098 2.2701
3430892 2.2781
3443682 2.2788
3456492 2.2752
3475498 10.8617
3480694 3.0744
3543518 1.9798
3647101 6.0798
3647484 163.6261
3711234 232.8829
3755417 231.3925
3767140 621.2657
3777450 429.0669
3782930 60.9915
3842863 35.7615
3852043 289.1294
3852374 50.1172
3943467 253.7301
4009732 89.3808
4017598 314.9327
4021443 319.5839
4219139 27.4481
4227277 42.2976
4409869 7.6955
4422786 2.2534
4435723 2.2529
4448592 2.2648
4461481 2.2613
4474361 2.2599
4487278 2.2564
4500125 2.2687
4512953 2.2720
4525792 2.2671
4538592 2.2770
4551427 2.2708
4564248 2.2733
4577084 2.2676
4589929 2.2690
4602730 2.2768
4615540 2.2752
4628465 2.2520
4641262 2.2775
4654061 2.2772
4666902 2.2697
4679721 2.2706
4692532 2.2750
4705413 2.2627
4718384 2.2470
4731336 2.2473
4744298 2.2485
4757200 2.2590
4770080 2.2629
4782974 2.2574
4795775 2.2768
4808576 2.2768
4821380 2.2763
4834239 2.2636
4847046 2.2758
4859855 2.2754
4872666 2.2750
4885478 2.2719
4898281 2.2765
4911080 2.2772
4923890 2.2752
4936708 2.2708
4949502 2.2781
4962318 2.2742
4975142 2.2727
4987967 2.2696
5000761 2.2781
5013552 2.2786
5026362 2.2752
5039194 2.2683
5052005 2.2750
5064803 2.2774
5077600 2.2775
5090432 2.2683
5103230 2.2774
5116042 2.2749
5128845 2.2765
5141663 2.2708
5154471 2.2756
5167283 2.2749
5180108 2.2726
5192946 2.2673
5205740 2.2781
5218531 2.2786
5231339 2.2756
5249670 3.4606
