75900 99.3725
105951 114.1921
114755 115.8703
150538 130.6668
152453 129.1464
180331 109.8726
229320 87.0874
231300 86.7722
262928 92.4719
311194 88.1592
339395 81.2021
367257 75.4704
422323 82.4476
454001 77.1131
462884 76.2422
491058 87.4386
514304 91.0723
534599 87.8487
578584 81.4424
629483 85.0880
635894 87.1964
650194 87.4331
673104 93.2384
728186 89.2062
845901 109.5245
851155 109.6948
853463 109.7581
911882 112.0205
915776 111.6525
1083971 94.6697
1104617 92.9302
1115295 92.0702
1125981 91.2259
1136539 90.4076
1147173 89.5984
1157732 88.8098
1168287 88.0358
1178845 87.2755
1189413 86.5278
1199971 85.7941
1210523 85.0737
1221081 84.3652
1231644 83.6685
1242185 82.9852
1252741 82.3124
1263303 81.6505
1271305 81.1771
1273485 81.0512
1302461 79.3436
1352193 76.5419
1352578 76.5665
1367160 78.4849
1415401 77.7302
1418698 78.8012
1421917 79.4006
1423739 79.5333
1453002 79.4066
1457617 79.6104
1457948 79.6037
1484480 82.3090
1507602 82.1572
1510205 82.4275
1512522 82.5043
1556362 85.2704
1560204 85.1192
1728375 77.0453
1745574 76.3028
1754921 75.9130
1764239 75.5286
1773442 75.1531
1782764 74.7764
1792030 74.4061
1801229 74.0422
1810423 73.6823
1819648 73.3248
1828860 72.9714
1838068 72.6217
1849683 72.1825
1860249 71.7903
1870794 71.4034
1881336 71.0209
1891898 70.6419
1899869 70.3619
