165869 454.1960
303606 492.4164
344422 488.9408
518579 497.1631
520307 495.5474
543777 474.3884
588477 442.6350
590159 441.5421
759774 420.5436
906208 404.1152
929138 394.2767
974565 378.4411
1250392 377.7509
1279652 371.4881
1286869 369.6238
1500888 394.8188
1683916 387.5018
1707275 382.2732
1752035 373.8980
2007801 375.2372
2104386 371.8934
2170128 368.9169
2199991 366.5957
2321367 361.0001
3007153 412.8962
3021658 414.1744
3034502 414.0411
3156678 404.8922
3161203 404.7550
3330683 385.8578
3342113 384.5480
3352117 383.4103
3362059 382.2864
3372071 381.1611
3382068 380.0443
3392082 378.9321
3402179 377.8172
3412263 376.7104
3422303 375.6149
3432320 374.5284
3442349 373.4468
3452450 372.3638
3462451 371.2978
3472400 370.2435
3482360 369.1941
3492314 368.1513
3502287 367.1124
3512235 366.0821
3522180 365.0578
3532171 364.0346
3542168 363.0166
3552126 362.0082
3562074 361.0065
3572062 360.0064
3582031 359.0137
3592023 358.0242
3601980 357.0437
3611932 356.0692
3621902 355.0981
3631844 354.1352
3641779 353.1782
3651736 352.2243
3661732 351.2718
3671683 350.3288
3681628 349.3915
3691589 348.4577
3701566 347.5274
3711524 346.6039
3721504 345.6834
3731496 344.7666
3740118 343.9796
3748723 343.1978
3757368 342.4159
3765986 341.6401
3774619 340.8664
3783210 340.1000
3791821 339.3354
3800427 338.5747
3809069 337.8141
3817683 337.0595
3826278 336.3100
3834908 335.5608
3843537 334.8150
3852147 334.0742
3860760 333.3365
3869457 332.5948
3878191 331.8533
3886952 331.1128
3895666 330.3796
3904421 329.6463
3913176 328.9162
3921824 328.1983
3930432 327.4870
3939045 326.7783
3947693 326.0698
3956304 325.3675
3964899 324.6695
3973500 323.9741
3982132 323.2791
3990746 322.5886
3999391 321.8986
4007982 321.2159
4016606 320.5335
4025231 319.8539
4033843 319.1782
4042464 318.5048
4051087 317.8340
4059674 317.1689
4068265 316.5063
4076902 315.8429
4085523 315.1835
4094124 314.5285
4102719 313.8767
4111354 313.2246
4119983 312.5756
4128649 311.9266
4137260 311.2844
4145864 310.6454
4154482 310.0080
4163126 309.3713
4171773 308.7371
4180394 308.1074
4189095 307.4744
4197685 306.8521
4206296 306.2308
4214906 305.6122
4223549 304.9937
4232190 304.3779
4240781 303.7681
4249382 303.1601
4258030 302.5513
4266648 301.9470
4275293 301.3432
4283892 300.7452
4292609 300.1412
4301336 299.5390
4310047 298.9404
4318797 298.3415
4327561 297.7441
4336281 297.1520
4344954 296.5656
4353567 295.9856
4362198 295.4066
4370812 294.8311
4379403 294.2594
4388033 293.6873
4396664 293.1174
4405275 292.5510
4413884 291.9870
4422488 291.4255
4431112 290.8649
4439751 290.3055
4448398 289.7478
4457019 289.1939
4465720 288.6369
4474310 288.0893
4482921 287.5424
4491531 286.9977
4500188 286.4521
4508802 285.9113
4517397 285.3737
4525998 284.8379
4534606 284.3036
4543220 283.7710
4551865 283.2384
4560461 282.7109
4569070 282.1846
4577675 281.6605
4586283 281.1382
4594901 280.6173
4603527 280.0978
4612117 279.5824
4620726 279.0679
4629339 278.5550
4637975 278.0425
4646576 277.5341
4655171 277.0280
4663801 276.5216
4672434 276.0169
4681048 275.5152
4689659 275.0155
4698263 274.5181
4706887 274.0213
4715583 273.5222
4724297 273.0238
4733045 272.5254
4741818 272.0273
4750538 271.5341
4759266 271.0423
4767951 270.5547
4776603 270.0707
4785217 269.5906
4793812 269.1134
4802413 268.6374
4811044 268.1616
4819662 267.6881
4828307 267.2149
4836903 266.7460
4845521 266.2776
4854131 265.8113
4862742 265.3466
4871360 264.8831
4879986 264.4209
4888621 263.9598
4897232 263.5016
4905842 263.0451
4914463 262.5896
4923064 262.1367
4931655 261.6860
4940318 261.2330
4948949 260.7833
4957559 260.3363
4966170 259.8907
4974774 259.4471
4983402 259.0038
4992041 258.5614
5000654 258.1218
5009254 257.6845
5017896 257.2465
5026486 256.8127
5035077 256.3803
5043690 255.9483
5052342 255.5157
5060957 255.0865
5069551 254.6599
5078147 254.2345
5086779 253.8088
5095397 253.3853
5104070 252.9604
5112666 252.5408
5121294 252.1211
5129899 251.7038
5138529 251.2867
5147263 250.8660
5156026 250.4453
5164784 250.0263
5173512 249.6101
5182229 249.1959
5191040 248.7785
5199654 248.3720
5208249 247.9677
5216884 247.5628
5225534 247.1586
5234148 246.7574
5242759 246.3577
5251397 245.9580
5260015 245.5606
5268654 245.1634
5277262 244.7691
5285862 244.3763
5294504 243.9829
5303094 243.5932
5311702 243.2040
5320315 242.8157
5328967 242.4269
5337568 242.0418
5346159 241.6583
5354760 241.2755
5363391 240.8927
5372005 240.5119
5380650 240.1309
5389241 239.7535
5397865 239.3758
5406475 239.0000
5415083 238.6254
5423683 238.2525
5432307 237.8796
5440897 237.5094
5449508 237.1394
5458118 236.7707
5466754 236.4020
5475361 236.0357
5483956 235.6711
5492591 235.3059
5501222 234.9420
5509840 234.5798
5518449 234.2191
5527053 233.8598
5535681 233.5005
5544325 233.1418
5552938 232.7854
5561559 232.4298
5570173 232.0756
5578763 231.7234
5587405 231.3703
5596122 231.0151
5604600 230.7213
5606316 230.6536
5628998 229.7463
5670572 228.5013
5670957 228.4969
5824408 232.5229
5937751 234.9716
6017930 236.6777
6070665 237.5365
6072648 237.5139
6095622 236.9703
6121120 237.7177
6121449 237.7076
6277116 245.9899
6365358 246.0584
6379667 247.0507
6392378 247.3284
6512548 246.0726
6514834 246.1877
6681642 240.8699
6690429 240.5579
6699176 240.2482
6707898 239.9402
6716638 239.6323
6725382 239.3250
6734100 239.0195
6742728 238.7180
6751355 238.4173
6759974 238.1176
6768575 237.8193
6777220 237.5203
6785845 237.2227
6794479 236.9255
6803104 236.6294
6811715 236.3346
6820328 236.0404
6829040 235.7435
6837648 235.4510
6846247 235.1595
6854886 234.8674
6863521 234.5762
6872131 234.2865
6880739 233.9977
6889332 233.7100
6897953 233.4222
6906588 233.1345
6915200 232.8484
6923823 232.5626
6932456 232.2772
6941047 231.9939
6949639 231.7113
6958252 231.4287
6966908 231.1453
6975516 230.8643
6984110 230.5843
6992718 230.3047
7001334 230.0254
7009944 229.7470
7018586 229.4683
7027179 229.1919
7035803 228.9151
7044396 228.6400
7053107 228.3617
7061855 228.0829
7070622 227.8043
7079346 227.5277
7088074 227.2516
7096794 226.9765
7105460 226.7037
7114067 226.4335
7122662 226.1644
7131297 225.8946
7139928 225.6257
7148542 225.3578
7157153 225.0908
7165754 224.8247
7174372 224.5587
7183013 224.2926
7191626 224.0280
7200226 223.7645
7208868 223.5003
7217458 223.2383
7226069 222.9763
7234679 222.7150
7243335 222.4529
7251946 222.1927
7260537 221.9338
7269138 221.6752
7277766 221.4164
7286376 221.1588
7295021 220.9007
7303617 220.6447
7312245 220.3883
7320855 220.1331
7329454 219.8789
7338072 219.6246
7346695 219.3708
7355282 219.1186
7363893 218.8664
7372503 218.6147
7381139 218.3629
7389749 218.1124
7398344 217.8629
7406974 217.6130
7415619 217.3633
7424237 217.1149
7432846 216.8673
7441473 216.6198
7450082 216.3734
7458721 216.1267
7467368 215.8804
7476087 215.6325
7484915 215.3820
7493633 215.1354
7502361 214.8890
7511078 214.6435
7519874 214.3963
7528540 214.1534
7537135 213.9130
7545731 213.6732
7554362 213.4329
7562967 213.1939
7571612 212.9543
7580211 212.7166
7588833 212.4788
7597438 212.2420
7606046 212.0056
7614669 211.7693
7623292 211.5336
7631883 211.2993
7640492 211.0651
7649098 210.8314
7657740 210.5973
7666354 210.3644
7674945 210.1328
7683580 209.9004
7692209 209.6687
7700814 209.4382
7709425 209.2081
7718018 208.9789
7726646 208.7493
7735282 208.5200
7743895 208.2919
7752516 208.0640
7761130 207.8368
7769717 207.6109
7778328 207.3848
7786938 207.1592
7795581 206.9333
7804192 206.7087
7812787 206.4850
7821388 206.2617
7830020 206.0380
7838634 205.8153
7847277 205.5923
7855873 205.3711
7864491 205.1497
7873094 204.9293
7881705 204.7091
7890326 204.4891
7899049 204.2670
7907779 204.0452
7916507 203.8239
7925228 203.6033
7933990 203.3821
7942732 203.1619
7951388 202.9444
7960018 202.7280
7968677 202.5114
7977295 202.2963
7985906 202.0818
7994510 201.8680
8003128 201.6542
8011772 201.4403
8020407 201.2270
8029007 201.0151
8037649 200.8026
8046239 200.5919
8054850 200.3810
8063460 200.1707
8072116 199.9597
8080724 199.7503
8089315 199.5417
8097916 199.3334
8106544 199.1248
8115162 198.9169
8123805 198.7089
8132404 198.5024
8141013 198.2960
8149618 198.0902
8158217 197.8850
8166835 197.6798
8175459 197.4748
8184081 197.2703
8192672 197.0670
8201282 196.8637
8209978 196.6587
8218588 196.4562
8227183 196.2545
8235813 196.0524
8244459 195.8504
8253074 195.6495
8261683 195.4491
8270310 195.2488
8278919 195.0492
8287558 194.8494
8296169 194.6507
8304790 194.4522
8313399 194.2543
8322057 194.0557
8330785 193.8559
8339502 193.6567
8348286 193.4565
8357018 193.2578
8365743 193.0597
8374439 192.8628
8383071 192.6676
8391676 192.4735
8400321 192.2789
8408920 192.0858
8417532 191.8927
8426139 191.7002
8434747 191.5080
8443370 191.3158
8451993 191.1241
8460583 190.9335
8469174 190.7433
8477784 190.5530
8486420 190.3625
8495031 190.1730
8503622 189.9843
8512257 189.7950
8520886 189.6062
8529500 189.4181
8538108 189.2306
8546712 189.0435
8555330 188.8564
8563966 188.6694
8572579 188.4832
8581200 188.2973
8589809 188.1120
8598402 187.9274
8607013 187.7427
8615623 187.5585
8624266 187.3739
8632901 187.1899
8641492 187.0071
8650088 186.8247
8658736 186.6414
8667354 186.4592
8675997 186.2768
8684627 186.0951
8693245 185.9139
8701855 185.7333
8710488 185.5526
8719106 185.3725
8727730 185.1927
8736357 185.0132
8744968 184.8343
8753578 184.6558
8762274 184.4759
8770884 184.2981
8779575 184.1190
8788271 183.9402
8796921 183.7626
8805532 183.5862
8814141 183.4102
8822768 183.2342
8831383 183.0587
8839988 182.8838
8848633 182.7084
8857251 182.5340
8865952 182.3581
8874542 182.1849
8883151 182.0116
8891761 181.8386
8895361 181.7739
