169439 444.8266
306293 488.2077
347045 485.3434
527057 489.2256
529286 487.2001
558243 462.1516
614190 424.1553
616207 422.9284
787435 405.9813
944120 388.0633
972962 376.6882
1029404 358.3753
1304345 362.2921
1338512 355.3145
1347527 353.1466
1562140 379.5146
1741032 374.9494
1770154 368.8515
1826319 358.8874
2081352 362.1743
2172409 360.4375
2239977 357.5962
2275792 354.5657
2407009 348.3261
3106417 400.4379
3121246 401.6915
3133926 401.6346
3267542 391.8538
3272799 391.6516
3444654 373.7544
3457775 372.3457
3468406 371.2139
3478948 370.0986
3489564 368.9822
3500171 367.8735
3510777 366.7716
3521478 365.6665
3532166 364.5694
3542810 363.4834
3553438 362.4056
3564055 361.3353
3574750 360.2635
3585361 359.2066
3595916 358.1614
3606476 357.1218
3617038 356.0882
3627692 355.0515
3638254 354.0299
3648799 353.0159
3659384 352.0038
3669946 350.9997
3680508 350.0015
3691056 349.0103
3701617 348.0235
3712194 347.0408
3722793 346.0616
3733350 345.0919
3743908 344.1276
3754471 343.1682
3765022 342.2154
3775578 341.2673
3786140 340.3241
3796736 339.3830
3807290 338.4509
3817839 337.5244
3828398 336.6022
3838967 335.6841
3849525 334.7720
3860106 333.8630
3870671 332.9602
3879889 332.1767
3889083 331.3989
3898285 330.6241
3907502 329.8517
3916740 329.0812
3925936 328.3177
3935127 327.5583
3944341 326.8005
3953570 326.0450
3962782 325.2944
3971980 324.5485
3981214 323.8031
3990440 323.0617
3999641 322.3258
4008852 321.5925
4018149 320.8557
4027501 320.1178
4036862 319.3828
4046174 318.6549
4055533 317.9267
4064886 317.2024
4074128 316.4900
4083319 315.7847
4092529 315.0812
4101782 314.3775
4110985 313.6808
4120184 312.9876
4129384 312.2973
4138609 311.6082
4147820 310.9233
4157053 310.2397
4166247 309.5620
4175465 308.8856
4184659 308.2140
4193861 307.5446
4203086 306.8765
4212324 306.2105
4221515 305.5507
4230723 304.8925
4239926 304.2376
4249155 303.5837
4258358 302.9344
4267557 302.2883
4276791 301.6424
4286020 300.9997
4295258 300.3591
4304457 299.7240
4313663 299.0911
4322888 298.4596
4332116 297.8305
4341329 297.2052
4350546 296.5822
4359784 295.9605
4368974 295.3446
4378165 294.7313
4387379 294.1189
4396632 293.5066
4405843 292.8996
4415042 292.2959
4424242 291.6947
4433467 291.0943
4442668 290.4980
4451913 289.9013
4461154 289.3073
4470478 288.7104
4479808 288.1156
4489149 287.5226
4498484 286.9324
4507851 286.3427
4517205 285.7561
4526476 285.1773
4535686 284.6047
4545003 284.0277
4554206 283.4601
4563405 282.8951
4572639 282.3302
4581868 281.7678
4591078 281.2090
4600277 280.6530
4609474 280.0993
4618699 279.5462
4627927 278.9951
4637140 278.4470
4646364 277.9005
4655586 277.3563
4664780 276.8159
4673989 276.2767
4683188 275.7403
4692441 275.2027
4701649 274.6700
4710848 274.1398
4720048 273.6117
4729283 273.0835
4738484 272.5594
4747729 272.0348
4756970 271.5125
4766188 270.9935
4775396 270.4770
4784642 269.9605
4793867 269.4470
4803102 268.9350
4812306 268.4267
4821497 267.9211
4830701 267.4166
4839953 266.9115
4849165 266.4104
4858364 265.9120
4867598 265.4135
4876827 264.9172
4886041 264.4236
4895240 263.9327
4904437 263.4437
4913655 262.9554
4922948 262.4649
4932294 261.9735
4941656 261.4831
4951088 260.9908
4960412 260.5061
4969740 260.0230
4979026 259.5439
4988286 259.0679
4997522 258.5950
5006721 258.1257
5015922 257.6580
5025160 257.1901
5034371 256.7254
5043604 256.2612
5052811 255.8000
5062029 255.3399
5071223 254.8828
5080431 254.4265
5089648 253.9715
5098879 253.5174
5108070 253.0670
5117261 252.6181
5126460 252.1705
5135689 251.7231
5144901 251.2780
5154100 250.8352
5163334 250.3922
5172559 249.9513
5181771 249.5126
5190982 249.0754
5200179 248.6405
5209397 248.2061
5218625 247.7728
5227838 247.3417
5237063 246.9116
5246301 246.4824
5255495 246.0568
5264706 245.6318
5273916 245.2084
5283169 244.7844
5292372 244.3643
5301570 243.9458
5310770 243.5287
5319995 243.1119
5329206 242.6972
5338439 242.2829
5347642 241.8713
5356860 241.4606
5366054 241.0523
5375293 240.6434
5384647 240.2308
5394014 239.8190
5403368 239.4092
5412696 239.0020
5422009 238.5969
5431348 238.1920
5440551 237.7944
5449749 237.3984
5458983 237.0022
5468212 236.6075
5477413 236.2154
5486624 235.8242
5495830 235.4344
5505055 235.0452
5514283 234.6571
5523496 234.2710
5532721 233.8857
5541959 233.5011
5551149 233.1197
5560340 232.7396
5569544 232.3603
5578797 231.9801
5588005 231.6030
5597203 231.2276
5606400 230.8535
5615625 230.4795
5624837 230.1072
5634070 229.7353
5643277 229.3656
5652495 228.9967
5661689 228.6300
5670901 228.2638
5680101 227.8992
5689336 227.5344
5698527 227.1725
5707718 226.8118
5716932 226.4513
5726171 226.0911
5735374 225.7333
5744573 225.3769
5753808 225.0203
5763037 224.6650
5772251 224.3114
5781450 223.9595
5790656 223.6085
5799881 223.2579
5809119 222.9079
5818332 222.5599
5827549 222.2129
5836787 221.8662
5845977 221.5224
5855199 221.1785
5864512 220.8322
5874903 220.4947
5877077 220.4156
5908702 219.2554
5958911 217.7986
5959298 217.7950
6111382 221.9678
6224986 224.4864
6302263 226.3523
6356792 227.1942
6359319 227.1568
6388710 226.4472
6413332 227.2333
6413663 227.2242
6578428 235.1288
6670265 235.2112
6684535 236.1828
6697143 236.4721
6825290 235.1906
6827446 235.3086
6996129 230.4261
7005521 230.1214
7014852 229.8194
7024176 229.5185
7033514 229.2179
7042862 228.9178
7052145 228.6206
7061390 228.3254
7070584 228.0326
7079820 227.7393
7089020 227.4478
7098231 227.1568
7107452 226.8662
7116685 226.5759
7125883 226.2876
7135091 225.9996
7144304 225.7123
7153540 225.4249
7162755 225.1390
7171947 224.8545
7181194 224.5690
7190406 224.2854
7199620 224.0024
7208831 223.7202
7218034 223.4390
7227256 223.1579
7236492 222.8771
7245693 222.5981
7254920 222.3190
7264142 222.0408
7273349 221.7637
7282560 221.4872
7291770 221.2115
7301030 220.9349
7310241 220.6605
7319440 220.3872
7328644 220.1144
7337853 219.8421
7347050 219.5709
7356295 219.2989
7365489 219.0291
7374707 218.7593
7383901 218.4908
7393213 218.2196
7402548 217.9483
7411916 217.6768
7421244 217.4071
7430572 217.1381
7439892 216.8700
7449168 216.6039
7458380 216.3402
7467578 216.0777
7476812 215.8147
7486037 215.5527
7495249 215.2916
7504448 215.0316
7513645 214.7723
7522863 214.5130
7532105 214.2536
7541352 213.9948
7550570 213.7374
7559867 213.4784
7569057 213.2230
7578246 212.9683
7587456 212.7137
7596715 212.4582
7605960 212.2038
7615158 211.9513
7624359 211.6994
7633607 211.4467
7642818 211.1957
7652051 210.9447
7661292 210.6941
7670510 210.4446
7679714 210.1962
7688956 209.9474
7698181 209.6996
7707412 209.4522
7716640 209.2055
7725829 208.9604
7735043 208.7153
7744355 208.4681
7753558 208.2244
7762757 207.9814
7771992 207.7380
7781241 207.4949
7790452 207.2533
7799651 207.0126
7808882 206.7716
7818097 206.5316
7827325 206.2918
7836572 206.0521
7845899 205.8109
7855331 205.5675
7864652 205.3275
7873980 205.0880
7883293 204.8494
7892682 204.6094
7901988 204.3721
7911187 204.1382
7920387 203.9047
7929635 203.6706
7938836 203.4382
7948069 203.2056
7957310 202.9732
7966528 202.7420
7975722 202.5120
7984964 202.2812
7994188 202.0515
8003423 201.8220
8012652 201.5932
8021841 201.3659
8031051 201.1386
8040359 200.9093
8049570 200.6831
8058769 200.4576
8068000 200.2319
8077249 200.0062
8086460 199.7820
8095671 199.5583
8104910 199.3344
8114121 199.1117
8123349 198.8891
8132562 198.6674
8141786 198.4459
8151024 198.2245
8160214 198.0049
8169415 197.7854
8178619 197.5664
8187879 197.3465
8197125 197.1275
8206324 196.9100
8215524 196.6931
8224759 196.4758
8233971 196.2595
8243204 196.0432
8252407 195.8281
8261625 195.6131
8270819 195.3992
8280031 195.1854
8289255 194.9717
8298578 194.7561
8307898 194.5412
8317226 194.3265
8326546 194.1125
8335918 193.8977
8345265 193.6841
8354515 193.4731
8363750 193.2629
8372996 193.0530
8382208 192.8443
8391407 192.6364
8400638 192.4282
8409866 192.2205
8419104 192.0130
8428344 191.8060
8437569 191.5998
8446797 191.3939
8455991 191.1892
8465182 190.9851
8474390 190.7810
8483643 190.5764
8492879 190.3725
8502077 190.1700
8511278 189.9678
8520509 189.7655
8529719 189.5640
8538952 189.3624
8548193 189.1611
8557421 188.9605
8566625 188.7609
8575867 188.5609
8585091 188.3617
8594326 188.1627
8603517 187.9651
8612725 187.7675
8621939 187.5702
8631168 187.3730
8640371 187.1768
8649569 186.9811
8658800 186.7852
8668029 186.5897
8677241 186.3949
8686440 186.2009
8695637 186.0073
8704848 185.8138
8714090 185.6201
8723322 185.4270
8732546 185.2345
8741847 185.0407
8751107 184.8482
8760435 184.6547
8769755 184.4618
8779139 184.2680
8788515 184.0747
8797839 183.8829
8807129 183.6923
8816377 183.5029
8825589 183.3147
8834834 183.1261
8844041 182.9388
8853259 182.7516
8862453 182.5653
8871661 182.3791
8880878 182.1931
8890109 182.0072
8899303 181.8224
8908504 181.6379
8917708 181.4537
8926960 181.2689
8936184 181.0851
8945383 180.9021
8954618 180.7188
8963867 180.5356
8973079 180.3535
8982295 180.1717
8991532 179.9898
9000743 179.8089
9009981 179.6277
9019228 179.4468
9028453 179.2667
9037750 179.0855
9046940 178.9068
9056151 178.7281
9065361 178.5497
9074614 178.3708
9083826 178.1932
9093024 178.0161
9102225 177.8394
9111463 177.6623
9120675 177.4860
9129908 177.3097
9139115 177.1343
9148333 176.9590
9157527 176.7845
9166740 176.6100
9175943 176.4360
9185174 176.2619
9194365 176.0889
9203554 175.9162
9212768 175.7434
9222000 175.5707
9231203 175.3988
9240500 175.2255
9249790 175.0526
9259019 174.8813
9268230 174.7106
9277429 174.5405
9286626 174.3708
9295844 174.2011
9305048 174.0319
9314261 173.8629
9323478 173.6941
9332716 173.5253
9341910 173.3576
9351118 173.1901
9360332 173.0227
9364031 172.9627
