107640 70.0704
137662 87.8875
147834 89.9434
197637 99.5275
200351 98.2713
239761 82.6383
306572 65.1425
309151 64.9211
350836 69.3015
416706 65.8369
456133 60.4201
484005 57.2660
547575 63.5886
587545 59.5860
599977 58.8211
633054 67.8324
662287 70.7292
686978 68.3690
743824 63.3556
817888 65.3934
825887 67.0439
844898 67.1933
867925 72.2208
942782 68.8195
1082461 85.5421
1089326 85.6644
1091624 85.7654
1169665 87.2888
1174939 86.9814
1347939 76.0927
1378324 74.4393
1390224 73.8259
1402094 73.2246
1413844 72.6395
1425710 72.0581
1437476 71.4914
1449241 70.9339
1460981 70.3865
1472749 69.8466
1484503 69.3159
1496260 68.7934
1508034 68.2782
1519787 67.7720
1531522 67.2744
1543279 66.7833
1555041 66.2995
1566524 65.8464
1569749 65.7229
1609399 64.1810
1677262 61.6781
1677650 61.7012
1693836 63.3191
1759566 62.5062
1763176 63.3853
1766385 63.8962
1768112 64.0215
1807622 63.8078
1812246 64.0112
1812572 64.0088
1846543 66.1499
1878201 65.9263
1881752 66.1325
1884060 66.2145
1938604 68.4380
1943846 68.3006
2116822 62.8894
2142114 62.1604
2152661 61.8694
2163178 61.5821
2173586 61.3006
2184108 61.0186
2194523 60.7423
2204932 60.4688
2215331 60.1981
2225755 59.9292
2236163 59.6633
2246555 59.4003
2260168 59.0563
2271945 58.7648
2283692 58.4770
2295428 58.1925
2307180 57.9104
2318564 57.6395
