78762 251.5887
118111 471.4215
133120 319.1327
211565 292.7339
214330 6.6662
254514 3.1028
333955 7.9274
336556 38.2671
411598 203.9941
498841 143.1015
539477 3.0759
617584 7.7127
719743 257.9475
761585 18.1565
773798 23.0784
842767 431.0344
903358 251.6778
943694 3.0988
1021316 8.1132
1097152 325.2318
1113195 460.1011
1137883 191.1290
1184922 125.8443
1271425 101.7099
1556017 377.2316
1561900 421.0880
1565763 318.0947
1716023 36.1133
1721771 69.0505
1895153 8.5472
1911517 2.0228
1923417 2.7848
1935304 2.7879
1947131 2.8020
1958987 2.7919
1970751 2.8170
1982535 2.8122
1994285 2.8204
2006060 2.8111
2017809 2.8206
2029566 2.8187
2041316 2.8204
2053095 2.8102
2064835 2.8228
2076592 2.8187
2088351 2.8182
2100138 2.8082
2111897 2.8182
2123640 2.8220
2135423 2.8125
2147210 2.8082
2158964 2.8194
2170717 2.8196
2182457 2.8228
2194222 2.8135
2206015 2.8101
2217770 2.8192
2229529 2.8182
2241299 2.8123
2253039 2.8228
2264796 2.8187
2276563 2.8163
2288360 2.8059
2300119 2.8182
2311867 2.8208
2323619 2.8199
2335399 2.8099
2347163 2.8170
2358944 2.8129
2370689 2.8216
2381108 2.7937
2391504 2.8035
2401903 2.8027
2412326 2.7963
2422757 2.7905
2433145 2.8057
2443551 2.8008
2453952 2.8022
2464515 2.7556
2475062 2.7634
2485579 2.7713
2496103 2.7694
2506553 2.7854
2517064 2.7729
2527499 2.7931
2537900 2.8022
2548316 2.7945
2558724 2.8003
2569135 2.7995
2579546 2.7995
2589965 2.7937
2600353 2.8057
2610738 2.8065
2621149 2.7995
2633352 16.9170
2636535 4.4396
2676436 3.1249
2744358 9.2718
2744740 164.0545
2791250 319.3813
2827477 282.2098
2838740 646.6392
2849339 417.3677
2852863 95.3680
2892376 54.2428
2901532 289.8873
2901863 50.1172
2972100 329.8599
3015488 136.5082
3021082 442.8425
3024890 322.6891
3175033 35.9614
3180360 64.2139
3353262 8.1001
3363783 2.7666
3374270 2.7792
3384739 2.7840
3395243 2.7747
3405730 2.7756
3416231 2.7755
3426657 2.7955
3437058 2.8022
3447491 2.7899
3457891 2.8025
3468343 2.7885
3478744 2.8022
3489170 2.7918
3499614 2.7907
3510015 2.8022
3520416 2.8022
3530852 2.7891
3541262 2.7998
3551668 2.8008
3562110 2.7912
3572546 2.7891
3582942 2.8035
3593423 2.7808
3603995 2.7569
3614551 2.7574
3625103 2.7621
3635608 2.7745
3646067 2.7867
3656543 2.7785
3666948 2.8011
3677349 2.8022
3687750 2.8022
3698212 2.7822
3708620 2.8003
3719024 2.8014
3729435 2.7995
3739861 2.7918
3750276 2.7984
3760675 2.8027
3771071 2.8035
3781480 2.7963
3791888 2.8003
3802294 2.8008
3812712 2.7976
3823143 2.7905
3833531 2.8057
3843916 2.8065
3854324 2.8003
3864755 2.7905
3875170 2.7984
3885569 2.8027
3895963 2.8041
3906391 2.7913
3916799 2.8003
3927191 2.8046
3937590 2.8027
3948002 2.7955
3958405 2.8017
3968804 2.8027
3979229 2.7957
3989664 2.7894
4000060 2.8035
4010445 2.8065
4020846 2.8022
4032438 4.2137
