50519 11.4290
67083 34.8577
76873 7.8016
118313 14.4778
121205 6.9046
160604 3.1686
220478 0.3797
223088 38.1646
259399 27.5466
315102 3.6840
354529 3.1702
375377 1.0867
436943 17.4841
475333 3.4769
487188 23.7753
520707 228.2783
548193 103.4674
566066 6.9933
586914 1.0867
621597 15.6244
626928 31.5354
642910 6.6459
665281 264.1980
731246 2.2587
843950 68.6235
848440 14.0943
862570 1.8806
905415 53.9016
910611 1.1381
1077543 0.1387
1109167 1.0467
1120733 0.2789
1123988 5.4739
1164608 3.0658
1225679 0.3710
1226067 161.5175
1238438 38.8377
1296013 3.2441
1299135 40.2204
1304424 18.6446
1306305 176.7094
1346926 52.7633
1351348 9.3786
1351679 50.1172
1378454 76.6193
1407569 4.1677
1409003 29.8310
1411271 8.4656
1425520 155.1334
1427539 2.9290
1590278 0.1423
1602216 2.7727
1606469 0.7584
