168760 44.6929
198827 60.8507
211801 62.7792
286977 68.5432
291292 67.5911
353778 56.0053
456184 43.7781
459964 43.6347
521636 46.6100
624482 43.9318
686380 40.1521
714253 38.8056
796456 43.7181
853313 41.0277
872895 40.4302
915998 46.8866
959217 48.8414
992719 47.3190
1075011 43.8432
1187071 45.0385
1198425 46.1857
1227004 46.2516
1250516 50.1086
1365078 47.5146
1557612 59.4145
1567692 59.4920
1570003 59.6001
1686949 60.4923
1695019 60.2628
1877618 54.5995
1927592 53.2012
1941864 52.8272
1956150 52.4584
1970311 52.0982
1984566 51.7406
1998725 51.3907
2012875 51.0459
2027039 50.7055
2041209 50.3698
2055371 50.0388
2069533 49.7124
2083694 49.3905
2097866 49.0726
2112013 48.7596
2126175 48.4504
2140336 48.1453
2158551 47.7629
2163762 47.6553
2226690 46.3644
2329854 44.3790
2330235 44.3986
2347740 45.6603
2449653 44.8482
2454207 45.4885
2457420 45.8790
2459604 45.9742
2519508 45.7318
2524133 45.9109
2524464 45.9114
2573020 47.4266
2622541 47.1695
2628840 47.2931
2631149 47.3684
2708174 48.9464
2716243 48.8347
2898821 45.8830
2939311 45.2609
2952244 45.0725
2965165 44.8859
2978000 44.7022
2990941 44.5186
3003797 44.3377
3016598 44.1592
3029395 43.9823
3042213 43.8066
3055014 43.6326
3067823 43.4599
3085434 43.2219
3099606 43.0350
3113757 42.8500
3127913 42.6667
3142064 42.4851
3160234 42.2507
