58154 340.7440
97603 470.2265
109926 388.6929
175027 352.7413
176626 11.5272
199777 5.3857
246662 13.4320
248362 58.5487
305744 266.5669
367960 200.6656
390790 5.4682
435320 13.8354
525399 292.4840
553134 27.3916
559946 41.3764
624340 460.4201
677398 287.4102
700027 5.5167
720309 28.3541
795971 325.9798
809822 532.9147
827552 266.1360
857599 196.7145
914918 153.4955
1164190 430.0305
1168806 536.6683
1172636 320.8355
1291208 45.7644
1294862 108.6213
1461048 8.9173
1472598 2.8659
1482694 3.2824
1492774 3.2876
1502797 3.3063
1512841 3.2956
1522802 3.3269
1532783 3.3202
1542730 3.3316
1552699 3.3204
1562653 3.3292
1572605 3.3299
1582572 3.3249
1592556 3.3154
1602504 3.3312
1612463 3.3276
1622427 3.3259
1632404 3.3177
1642349 3.3322
1652292 3.3329
1662278 3.3186
1672251 3.3190
1682202 3.3302
1692140 3.3346
1702094 3.3292
1712070 3.3180
1722062 3.3166
1732004 3.3333
1741968 3.3259
1751936 3.3207
1761874 3.3346
1771826 3.3299
1781780 3.3292
1791784 3.3088
1801735 3.3302
1811678 3.3329
1821632 3.3292
1831601 3.3204
1841559 3.3279
1851538 3.3209
1861485 3.3316
1870103 3.3775
1878710 3.3863
1887318 3.3859
1895918 3.3890
1904541 3.3755
1913132 3.3926
1921743 3.3847
1930356 3.3839
1939121 3.3208
1947868 3.3321
1956593 3.3405
1965323 3.3386
1973971 3.3658
1982672 3.3497
1991307 3.3753
1999911 3.3874
2008527 3.3783
2017125 3.3898
2025737 3.3843
2034358 3.3808
2042979 3.3763
2051572 3.3918
2060183 3.3847
2068796 3.3839
2075906 29.0349
2077578 8.0842
2100209 5.4959
2141351 15.3070
2141734 163.6261
2184137 349.7648
2219887 285.9753
2231569 623.4461
2241949 426.1734
2244019 162.6528
2267069 92.9846
2276208 290.4265
2276539 50.1172
2332108 417.5890
2362026 197.9683
2366570 545.1718
2370450 316.7010
2489234 45.6828
2492442 107.6349
2658148 8.4982
2666870 3.3372
2675560 3.3539
2684223 3.3644
2692930 3.3474
2701617 3.3507
2710328 3.3458
2718973 3.3714
2727603 3.3772
2736227 3.3751
2744837 3.3851
2753467 3.3772
2762074 3.3863
2770714 3.3689
2779352 3.3741
2787971 3.3816
2796588 3.3823
2805308 3.3380
2813916 3.3859
2822514 3.3898
2831153 3.3737
2839789 3.3704
2848393 3.3874
2857067 3.3601
2865842 3.3214
2874597 3.3246
2883358 3.3267
2892072 3.3447
2900734 3.3648
2909430 3.3472
2918040 3.3851
2926661 3.3808
2935278 3.3823
2943923 3.3669
2952531 3.3859
2961139 3.3859
2969752 3.3839
2978390 3.3697
2987000 3.3851
2995606 3.3867
3004213 3.3863
3012828 3.3787
3021431 3.3878
3030039 3.3859
3038659 3.3812
3047280 3.3763
3055867 3.3942
3064478 3.3847
3073091 3.3839
3081726 3.3708
3090333 3.3863
3098930 3.3902
3107531 3.3886
3116150 3.3771
3124768 3.3819
3133377 3.3855
3141981 3.3874
3150605 3.3751
3159212 3.3863
3167820 3.3859
3176441 3.3808
3185072 3.3724
3193662 3.3930
3202273 3.3847
3210886 3.3839
3217336 10.2876
