1 112223 108223488 964.3610 112223 108223488 964.3610 1152 44.8363  0 79938 0 4.3794 4.3794 12.4673 12.4673 176.5737 
2 39362 108223488 2749.4407 151585 216446976 1427.8917 2304 40.9641  0 79938 0 12.2725 6.4290 18.7586 14.9532 471.2658 
3 19370 21655040 1117.9680 170955 238102016 1392.7760 2377 19.1355  0 87347 0 6.3498 6.4201 12.5545 14.6397 247.2825 
4 105968 84446208 796.9029 276923 322548224 1164.7578 3529 42.8055  0 146308 63 4.6722 5.7512 12.5244 13.9094 216.7052 
5 4365 21500 4.9255 281288 322569724 1146.7596 3549 1.5625  0 149420 63 0.0550 5.6628 1.1940 13.8872 4.2227 
6 63365 559580 8.8311 344653 323129304 937.5497 3551 16.2107  0 149420 63 0.0458 4.6301 1.2140 13.6287 1.9677 
7 125043 2554880 20.4320 469696 325684184 693.3936 3555 24.9858  0 149420 63 0.1226 3.4301 2.8551 13.1563 5.0363 
8 3796 17408 4.5859 473492 325701592 687.8714 4099 10.5479  0 152338 63 0.4932 3.4066 2.1844 13.0800 26.2204 
9 106738 155210098 1454.1222 580230 480911690 828.8294 8451 40.7302  0 402919 63 3.6492 3.4512 6.9833 11.1812 143.9297 
10 127873 47585280 372.1292 708103 528496970 746.3561 8531 24.9991  0 1637897 63 2.3774 3.2573 6.5027 10.2128 97.6329 
11 63906 562628 8.8040 772009 529059598 685.3024 8533 16.3197  0 1637897 63 0.0454 2.9914 1.2308 10.1200 1.9559 
12 123790 2558976 20.6719 895799 531618574 593.4574 8537 24.9875  0 1637897 63 0.1239 2.5951 3.1386 9.9737 5.0873 
13 128640 202934272 1577.5364 1024439 734552846 717.0294 12969 44.3478  0 2883966 63 5.2396 2.9272 9.9906 9.9775 204.2110 
15 61552 6276864 101.9766 1085991 740829710 682.1693 12977 46.8275  0 2883966 63 0.3050 2.7786 3.5825 9.8679 12.3425 
16 20211 258060 12.7683 1106202 741087770 669.9389 12997 22.5590  0 2893855 63 0.3157 2.7336 3.5268 9.8306 13.9457 
17 94379 212355936 2250.0337 1200581 953443706 794.1519 25165 53.7812  0 3139168 63 8.1695 3.1609 11.5093 10.1308 316.0535 
18 80438 84971520 1056.3605 1281019 1038415226 810.6166 25325 93.2075  0 4724688 63 4.8505 3.2670 7.9723 9.8814 189.5816 
19 63633 562628 8.8418 1344652 1038977854 772.6741 25327 16.3228  0 4724688 63 0.0456 3.1146 1.2292 9.8334 1.9643 
20 122797 2558976 20.8391 1467449 1041536830 709.7601 25331 24.9872  0 4724688 63 0.1249 2.8644 3.2922 9.7627 5.1285 
21 84615 202934272 2398.3250 1552064 1244471102 801.8168 29763 38.4116  0 5939332 63 7.5911 3.1221 10.1235 9.8090 291.4969 
23 17306 16672000 963.3653 1569370 1261143102 803.5983 30723 70.8576  0 5947143 63 10.9964 3.2089 17.0401 9.9689 426.5227 
24 34103 30689280 899.8997 1603473 1291832382 805.6464 31363 62.3855  0 5968881 63 3.4366 3.2138 12.9991 10.0220 138.3630 
25 71350 27557960 386.2363 1674823 1319390342 787.7790 31426 24.7152  0 6021351 63 2.0118 3.1625 10.6563 10.0382 82.9677 
26 126348 47621120 376.9044 1801171 1367011462 758.9571 31506 24.9781  0 6152754 63 1.6235 3.0546 8.9823 9.9944 69.6347 
27 369102 642951584 1741.9346 2170273 2009963046 926.1337 40410 52.0017  0 11063160 2760 7.4908 3.8091 12.6288 10.7440 290.4183 
29 8709 8297600 952.7615 2178982 2018260646 926.2402 41210 42.1140  0 11068973 2760 7.4075 3.8234 10.7771 10.7443 284.4484 
30 3845 8939520 2324.9727 2182827 2027200166 928.7040 41338 17.6863  0 11068973 2760 8.3225 3.8314 10.7926 10.7445 319.5839 
31 196491 31970880 162.7091 2379318 2059171046 865.4459 41346 6.2499  0 11068973 2760 0.3176 3.5412 2.8654 10.5300 27.6227 
32 8551 752640 88.0178 2387869 2059923686 862.6619 41410 6.2489  0 11075483 2760 1.0516 3.5323 5.9708 10.5214 46.4159 
33 182984 1390336 7.5981 2570853 2061314022 801.8016 41474 1.8321  0 11084461 2760 0.2004 3.2951 1.0764 10.1364 8.0987 
34 22918 84536 3.6886 2593771 2061398558 794.7496 41476 6.0176  0 11084461 2760 0.0342 3.2663 1.0829 10.1286 1.4443 
35 14271 84536 5.9236 2608042 2061483094 790.4333 41478 5.9307  0 11084461 2760 0.0550 3.2487 1.1377 10.1211 2.3221 
36 14261 84536 5.9278 2622303 2061567630 786.1668 41480 5.9602  0 11084461 2760 0.0550 3.2314 1.0994 10.1135 2.3238 
37 14212 84536 5.9482 2636515 2061652166 781.9611 41482 5.9890  0 11084461 2760 0.0552 3.2143 1.1151 10.1059 2.3318 
38 14498 84536 5.8309 2651013 2061736702 777.7166 41484 6.0209  0 11084461 2760 0.0541 3.1970 1.1379 10.0985 2.2831 
39 14152 84536 5.9734 2665165 2061821238 773.6186 41486 5.9290  0 11084461 2760 0.0555 3.1803 1.0666 10.0906 2.3417 
40 14182 84536 5.9608 2679347 2061905774 769.5554 41488 5.9503  0 11084461 2760 0.0554 3.1637 1.0768 10.0828 2.3367 
41 14138 84536 5.9793 2693485 2061990310 765.5474 41490 5.9876  0 11084461 2760 0.0555 3.1474 1.1410 10.0755 2.3440 
42 14429 84536 5.8588 2707914 2062074846 761.4994 41492 6.0200  0 11084461 2760 0.0543 3.1309 1.1216 10.0681 2.2940 
43 14151 84536 5.9739 2722065 2062159382 757.5717 41494 5.9283  0 11084461 2760 0.0555 3.1150 1.1510 10.0609 2.3418 
44 14156 84536 5.9717 2736221 2062243918 753.6833 41496 5.9579  0 11084461 2760 0.0555 3.0991 1.1135 10.0534 2.3410 
45 14151 84536 5.9739 2750372 2062328454 749.8362 41498 5.9879  0 11084461 2760 0.0555 3.0835 1.1510 10.0462 2.3418 
46 14436 84536 5.8559 2764808 2062412990 745.9516 41500 6.0147  0 11084461 2760 0.0543 3.0677 1.0652 10.0384 2.2929 
47 14148 84536 5.9751 2778956 2062497526 742.1843 41502 5.9297  0 11084461 2760 0.0555 3.0523 1.0783 10.0306 2.3423 
48 14152 84536 5.9734 2793108 2062582062 738.4541 41504 5.9580  0 11084461 2760 0.0555 3.0371 1.1443 10.0234 2.3417 
49 14158 84536 5.9709 2807266 2062666598 734.7599 41506 5.9877  0 11084461 2760 0.0554 3.0221 1.1734 10.0165 2.3407 
50 14443 84536 5.8531 2821709 2062751134 731.0290 41508 6.0200  0 11084461 2760 0.0543 3.0069 1.1412 10.0093 2.2918 
51 14165 84536 5.9679 2835874 2062835670 727.4074 41510 5.9283  0 11084461 2760 0.0554 2.9922 1.1344 10.0020 2.3395 
52 14142 84536 5.9777 2850016 2062920206 723.8276 41512 5.9590  0 11084461 2760 0.0555 2.9776 1.1041 9.9946 2.3433 
53 14184 84536 5.9600 2864200 2063004742 720.2726 41514 5.9807  0 11084461 2760 0.0553 2.9631 1.1460 9.9874 2.3364 
54 14430 84536 5.8584 2878630 2063089278 716.6913 41516 6.0198  0 11084461 2760 0.0543 2.9485 1.1429 9.9803 2.2939 
55 14151 84536 5.9739 2892781 2063173814 713.2147 41518 5.9283  0 11084461 2760 0.0555 2.9344 1.1493 9.9732 2.3418 
56 14146 84536 5.9760 2906927 2063258350 709.7730 41520 5.9593  0 11084461 2760 0.0555 2.9204 1.1072 9.9658 2.3427 
57 14150 84536 5.9743 2921077 2063342886 706.3637 41522 5.9876  0 11084461 2760 0.0555 2.9065 1.0888 9.9583 2.3420 
58 14429 84536 5.8588 2935506 2063427422 702.9205 41524 6.0199  0 11084461 2760 0.0543 2.8925 1.0681 9.9507 2.2940 
59 14172 84536 5.9650 2949678 2063511958 699.5720 41526 5.9180  0 11084461 2760 0.0554 2.8789 1.0843 9.9432 2.3384 
60 14142 84536 5.9777 2963820 2063596494 696.2625 41528 5.9590  0 11084461 2760 0.0555 2.8654 1.1103 9.9359 2.3433 
61 14169 84536 5.9663 2977989 2063681030 692.9780 41530 5.9881  0 11084461 2760 0.0554 2.8520 1.1135 9.9286 2.3389 
62 14433 84536 5.8571 2992422 2063765566 689.6639 41532 6.0199  0 11084461 2760 0.0543 2.8385 1.1232 9.9214 2.2934 
63 14155 84536 5.9722 3006577 2063850102 686.4451 41534 5.9286  0 11084461 2760 0.0555 2.8254 1.1246 9.9142 2.3412 
64 14152 84536 5.9734 3020729 2063934638 683.2571 41536 5.9580  0 11084461 2760 0.0555 2.8124 1.1443 9.9072 2.3417 
65 14158 84536 5.9709 3034887 2064019174 680.0975 41538 5.9878  0 11084461 2760 0.0554 2.7996 1.0903 9.8998 2.3407 
66 14450 84536 5.8502 3049337 2064103710 676.9025 41540 6.0149  0 11084461 2760 0.0543 2.7866 1.0580 9.8922 2.2907 
67 14149 84536 5.9747 3063486 2064188246 673.8037 41542 5.9299  0 11084461 2760 0.0555 2.7740 1.0918 9.8848 2.3422 
68 14145 84536 5.9764 3077631 2064272782 670.7343 41544 5.9580  0 11084461 2760 0.0555 2.7615 1.1135 9.8777 2.3428 
69 14150 84536 5.9743 3091781 2064357318 667.6920 41546 5.9882  0 11084461 2760 0.0555 2.7491 1.0651 9.8701 2.3420 
70 14426 84536 5.8600 3106207 2064441854 664.6182 41548 6.0197  0 11084461 2760 0.0543 2.7366 1.0710 9.8626 2.2945 
71 14151 84536 5.9739 3120358 2064526390 661.6312 41550 5.9283  0 11084461 2760 0.0555 2.7244 1.1493 9.8557 2.3418 
72 14180 84536 5.9616 3134538 2064610926 658.6652 41552 5.9494  0 11084461 2760 0.0554 2.7123 1.1230 9.8487 2.3370 
73 14162 84536 5.9692 3148700 2064695462 655.7295 41554 5.9881  0 11084461 2760 0.0554 2.7004 1.1460 9.8418 2.3400 
74 12819 84536 6.5946 3161519 2064779998 653.0975 41556 6.0170  0 11084461 2760 0.0591 2.6897 1.2013 9.8355 2.2706 
75 12801 84536 6.6039 3174320 2064864534 650.4904 41558 5.8715  0 11084461 2760 0.0593 2.6791 1.1113 9.8286 2.2768 
76 12808 84536 6.6002 3187128 2064949070 647.9028 41560 5.9188  0 11084461 2760 0.0593 2.6685 1.1162 9.8217 2.2756 
77 12824 84536 6.5920 3199952 2065033606 645.3327 41562 5.9680  0 11084461 2760 0.0592 2.6581 1.1195 9.8149 2.2727 
78 12836 84536 6.5859 3212788 2065118142 642.7807 41564 6.0111  0 11084461 2760 0.0591 2.6477 1.1364 9.8083 2.2676 
79 12791 84536 6.6090 3225579 2065202678 640.2580 41566 5.8697  0 11084461 2760 0.0593 2.6374 1.1500 9.8017 2.2786 
80 12809 84536 6.5997 3238388 2065287214 637.7516 41568 5.9190  0 11084461 2760 0.0593 2.6272 1.1517 9.7951 2.2754 
81 12814 84536 6.5972 3251202 2065371750 635.2640 41570 5.9679  0 11084461 2760 0.0592 2.6171 1.1362 9.7885 2.2745 
82 12956 84536 6.5249 3264158 2065456286 632.7685 41572 6.0193  0 11084461 2760 0.0585 2.6070 1.1364 9.7818 2.2466 
83 12945 84536 6.5304 3277103 2065540822 630.2947 41574 5.8739  0 11084461 2760 0.0586 2.5969 1.1295 9.7751 2.2515 
84 12921 84536 6.5425 3290024 2065625358 627.8451 41576 5.9223  0 11084461 2760 0.0587 2.5869 1.0874 9.7682 2.2557 
85 12926 84536 6.5400 3302950 2065709894 625.4136 41578 5.9623  0 11084461 2760 0.0587 2.5770 1.1162 9.7614 2.2548 
86 12855 84536 6.5761 3315805 2065794430 623.0145 41580 6.0177  0 11084461 2760 0.0590 2.5673 1.1098 9.7547 2.2643 
87 12904 84536 6.5511 3328709 2065878966 620.6247 41582 5.8729  0 11084461 2760 0.0588 2.5575 1.1588 9.7482 2.2586 
88 12840 84536 6.5838 3341549 2065963502 618.2652 41584 5.9195  0 11084461 2760 0.0591 2.5479 1.1261 9.7416 2.2699 
89 12797 84536 6.6059 3354346 2066048038 615.9317 41586 5.9673  0 11084461 2760 0.0593 2.5384 1.1244 9.7349 2.2775 
90 12818 84536 6.5951 3367164 2066132574 613.6121 41588 6.0168  0 11084461 2760 0.0591 2.5290 1.1900 9.7287 2.2708 
91 12801 84536 6.6039 3379965 2066217110 611.3132 41590 5.8715  0 11084461 2760 0.0593 2.5196 1.1113 9.7220 2.2768 
92 12798 84536 6.6054 3392763 2066301646 609.0322 41592 5.9183  0 11084461 2760 0.0593 2.5104 1.1113 9.7153 2.2774 
93 12825 84536 6.5915 3405588 2066386182 606.7634 41594 5.9681  0 11084461 2760 0.0592 2.5011 1.1379 9.7087 2.2726 
94 12822 84536 6.5930 3418410 2066470718 604.5122 41596 6.0169  0 11084461 2760 0.0591 2.4920 1.1555 9.7024 2.2701 
95 12790 84536 6.6095 3431200 2066555254 602.2835 41598 5.8688  0 11084461 2760 0.0593 2.4829 1.1953 9.6962 2.2788 
96 12809 84536 6.5997 3444009 2066639790 600.0681 41600 5.9192  0 11084461 2760 0.0593 2.4739 1.2086 9.6901 2.2754 
97 12814 84536 6.5972 3456823 2066724326 597.8682 41602 5.9676  0 11084461 2760 0.0592 2.4649 1.1804 9.6839 2.2745 
98 19003 2146496 112.9556 3475826 2068870822 595.2170 41666 12.4398  0 11101916 2760 0.0909 2.4520 1.0807 9.6683 10.8635 
99 5202 21500 4.1330 3481028 2068892322 594.3337 41686 1.5625  0 11101916 2760 0.0454 2.4484 1.2165 9.6665 3.4251 
100 62831 559580 8.9061 3543859 2069451902 583.9543 41688 16.0210  0 11101916 2760 0.0461 2.4058 1.2147 9.6437 1.9796 
101 103501 2554880 24.6846 3647360 2072006782 568.0840 41692 24.9848  0 11101916 2760 0.1481 2.3417 3.3734 9.6116 6.0846 
102 379 17408 45.9314 3647739 2072024190 568.0297 42236 10.2082  0 11101916 2760 4.3061 2.3419 10.5290 9.6118 165.3530 
103 63996 155210052 2425.3086 3711735 2227234242 600.0521 46588 38.2315  0 11316498 2760 6.0462 2.4058 7.3125 9.4826 232.1755 
104 43980 47585280 1081.9755 3755715 2274819522 605.6955 46668 24.9065  0 12529243 2760 6.0537 2.4485 7.7102 9.4199 232.4606 
105 11602 16672000 1436.9937 3767317 2291491522 608.2556 47628 63.0473  0 12531743 2760 16.3475 2.4913 19.7033 9.5203 627.7450 
106 10264 30689280 2989.9922 3777581 2322180802 614.7269 48268 59.5756  0 12531743 2760 11.2237 2.5150 16.7369 9.5703 430.9899 
107 5480 1075000 196.1679 3783061 2323255802 614.1206 49268 18.2536  0 12535290 2760 1.4898 2.5135 8.9322 9.5697 60.6552 
108 59985 8977800 149.6674 3843046 2332233602 606.8712 49368 10.1648  0 12583683 2760 0.7224 2.4856 6.0761 9.5448 35.7305 
109 9100 13164544 1446.6532 3852146 2345398146 608.8550 49496 15.3358  0 12584977 2760 7.5956 2.4977 11.2886 9.5554 291.6712 
110 331 4608 13.9215 3852477 2345402754 608.8038 49640 2.7860  0 12584977 2760 1.3051 2.4976 3.5410 9.5547 50.1172 
111 90620 149085984 1645.1775 3943097 2494488738 632.6217 51944 41.5565  0 12609000 2932 6.5719 2.5912 11.4992 9.6498 255.1058 
112 65715 33536000 510.3249 4008812 2528024738 630.6169 52144 31.2455  0 13217836 2932 2.1937 2.5847 6.7129 9.5914 90.1288 
113 8028 8297600 1033.5825 4016840 2536322338 631.4223 52944 44.1653  0 13222912 2932 8.0359 2.5956 11.7766 9.6025 308.5776 
114 3818 8939520 2341.4143 4020658 2545261858 633.0461 53072 17.7071  0 13222912 2932 8.3814 2.6011 11.1188 9.6065 321.8439 
115 197074 31970880 162.2278 4217732 2577232738 611.0471 53080 6.2435  0 13222912 2932 0.3144 2.4942 2.0423 9.4014 27.1941 
116 8063 752640 93.3449 4225795 2577985378 610.0593 53144 5.9359  0 13223343 2932 1.0657 2.4915 7.5245 9.3995 41.6242 
117 182342 1390336 7.6249 4408137 2579375714 585.1396 53208 1.6110  0 13223343 2932 0.1981 2.3966 2.0540 9.2859 7.6639 
118 12908 84536 6.5491 4421045 2579460250 583.4504 53210 6.0126  0 13223343 2932 0.0587 2.3898 1.0875 9.2809 2.2550 
119 12934 84536 6.5360 4433979 2579544786 581.7675 53212 5.8607  0 13223343 2932 0.0587 2.3830 1.2067 9.2764 2.2534 
120 12862 84536 6.5725 4446841 2579629322 580.1038 53214 5.9199  0 13223343 2932 0.0590 2.3763 1.1345 9.2717 2.2660 
121 12903 84536 6.5517 4459744 2579713858 578.4443 53216 5.9698  0 13223343 2932 0.0588 2.3696 1.1244 9.2668 2.2588 
122 12880 84536 6.5634 4472624 2579798394 576.7975 53218 6.0122  0 13223343 2932 0.0589 2.3629 1.1537 9.2622 2.2599 
123 12917 84536 6.5446 4485541 2579882930 575.1554 53220 5.8725  0 13223343 2932 0.0588 2.3563 1.1553 9.2575 2.2564 
124 12843 84536 6.5823 4498384 2579967466 573.5320 53222 5.9095  0 13223343 2932 0.0591 2.3497 1.1641 9.2529 2.2694 
125 12841 84536 6.5833 4511225 2580052002 571.9183 53224 5.9600  0 13223343 2932 0.0591 2.3432 1.1677 9.2483 2.2697 
126 12819 84536 6.5946 4524044 2580136538 570.3164 53226 6.0170  0 13223343 2932 0.0591 2.3367 1.1381 9.2436 2.2706 
127 12800 84536 6.6044 4536844 2580221074 568.7260 53228 5.8691  0 13223343 2932 0.0593 2.3303 1.1641 9.2390 2.2770 
128 12816 84536 6.5961 4549660 2580305610 567.1425 53230 5.9201  0 13223343 2932 0.0592 2.3239 1.1129 9.2341 2.2742 
129 12824 84536 6.5920 4562484 2580390146 565.5670 53232 5.9680  0 13223343 2932 0.0592 2.3176 1.1195 9.2293 2.2727 
130 12841 84536 6.5833 4575325 2580474682 563.9981 53234 6.0115  0 13223343 2932 0.0590 2.3112 1.1626 9.2247 2.2667 
131 12838 84536 6.5848 4588163 2580559218 562.4384 53236 5.8578  0 13223343 2932 0.0591 2.3049 1.2067 9.2203 2.2703 
132 12798 84536 6.6054 4600961 2580643754 560.8923 53238 5.9196  0 13223343 2932 0.0593 2.2987 1.1000 9.2154 2.2774 
133 12810 84536 6.5992 4613771 2580728290 559.3533 53240 5.9674  0 13223343 2932 0.0593 2.2924 1.2067 9.2111 2.2752 
134 12841 84536 6.5833 4626612 2580812826 557.8192 53242 6.0172  0 13223343 2932 0.0590 2.2862 1.1230 9.2063 2.2667 
135 12797 84536 6.6059 4639409 2580897362 556.2987 53244 5.8697  0 13223343 2932 0.0593 2.2801 1.1162 9.2015 2.2775 
136 12809 84536 6.5997 4652218 2580981898 554.7853 53246 5.9189  0 13223343 2932 0.0593 2.2740 1.2067 9.1971 2.2754 
137 12845 84536 6.5812 4665063 2581066434 553.2758 53248 5.9604  0 13223343 2932 0.0591 2.2679 1.1713 9.1926 2.2690 
138 12832 84536 6.5879 4677895 2581150970 551.7762 53250 6.0113  0 13223343 2932 0.0591 2.2618 1.1033 9.1878 2.2683 
139 12791 84536 6.6090 4690686 2581235506 550.2896 53252 5.8712  0 13223343 2932 0.0593 2.2558 1.1016 9.1830 2.2786 
140 12881 84536 6.5628 4703567 2581320042 548.8005 53254 5.9205  0 13223343 2932 0.0589 2.2498 1.1500 9.1784 2.2627 
141 12965 84536 6.5203 4716532 2581404578 547.3099 53256 5.9633  0 13223343 2932 0.0585 2.2438 1.1786 9.1739 2.2480 
142 12961 84536 6.5223 4729493 2581489114 545.8279 53258 6.0193  0 13223343 2932 0.0585 2.2378 1.0798 9.1690 2.2458 
143 12962 84536 6.5218 4742455 2581573650 544.3538 53260 5.8619  0 13223343 2932 0.0586 2.2318 1.1915 9.1646 2.2485 
144 12915 84536 6.5456 4755370 2581658186 542.8932 53262 5.9215  0 13223343 2932 0.0588 2.2259 1.1113 9.1598 2.2567 
145 12871 84536 6.5679 4768241 2581742722 541.4456 53264 5.9689  0 13223343 2932 0.0590 2.2201 1.1588 9.1553 2.2644 
146 12873 84536 6.5669 4781114 2581827258 540.0054 53266 6.0178  0 13223343 2932 0.0589 2.2143 1.1297 9.1506 2.2611 
147 12798 84536 6.6054 4793912 2581911794 538.5814 53268 5.8710  0 13223343 2932 0.0593 2.2085 1.1311 9.1460 2.2774 
148 12798 84536 6.6054 4806710 2581996330 537.1650 53270 5.9183  0 13223343 2932 0.0593 2.2028 1.1804 9.1416 2.2774 
149 12804 84536 6.6023 4819514 2582080866 535.7554 53272 5.9678  0 13223343 2932 0.0593 2.1971 1.1295 9.1369 2.2763 
150 12846 84536 6.5807 4832360 2582165402 534.3488 53274 6.0175  0 13223343 2932 0.0590 2.1914 1.1381 9.1323 2.2659 
151 12811 84536 6.5987 4845171 2582249938 532.9533 53276 5.8716  0 13223343 2932 0.0592 2.1858 1.1032 9.1276 2.2750 
152 12799 84536 6.6049 4857970 2582334474 531.5666 53278 5.9185  0 13223343 2932 0.0593 2.1802 1.1465 9.1230 2.2772 
153 12811 84536 6.5987 4870781 2582419010 530.1858 53280 5.9679  0 13223343 2932 0.0592 2.1746 1.1713 9.1186 2.2750 
154 12841 84536 6.5833 4883622 2582503546 528.8090 53282 6.0172  0 13223343 2932 0.0590 2.1690 1.1347 9.1140 2.2667 
155 12803 84536 6.6028 4896425 2582588082 527.4436 53284 5.8693  0 13223343 2932 0.0593 2.1635 1.1096 9.1093 2.2765 
156 12792 84536 6.6085 4909217 2582672618 526.0865 53286 5.9195  0 13223343 2932 0.0593 2.1580 1.1016 9.1045 2.2784 
157 12851 84536 6.5782 4922068 2582757154 524.7301 53288 5.9600  0 13223343 2932 0.0591 2.1526 1.1731 9.1001 2.2680 
158 12818 84536 6.5951 4934886 2582841690 523.3843 53290 6.0168  0 13223343 2932 0.0591 2.1471 1.1900 9.0958 2.2708 
159 12804 84536 6.6023 4947690 2582926226 522.0469 53292 5.8694  0 13223343 2932 0.0593 2.1417 1.1295 9.0912 2.2763 
160 12812 84536 6.5982 4960502 2583010762 520.7156 53294 5.9189  0 13223343 2932 0.0592 2.1363 1.1295 9.0866 2.2749 
161 12817 84536 6.5956 4973319 2583095298 519.3906 53296 5.9679  0 13223343 2932 0.0592 2.1310 1.1328 9.0821 2.2740 
162 12825 84536 6.5915 4986144 2583179834 518.0717 53298 6.0171  0 13223343 2932 0.0591 2.1257 1.1297 9.0775 2.2696 
163 12794 84536 6.6075 4998938 2583264370 516.7626 53300 5.8693  0 13223343 2932 0.0593 2.1204 1.1244 9.0729 2.2781 
164 12791 84536 6.6090 5011729 2583348906 515.4606 53302 5.9186  0 13223343 2932 0.0593 2.1151 1.1659 9.0685 2.2786 
165 12810 84536 6.5992 5024539 2583433442 514.1633 53304 5.9680  0 13223343 2932 0.0593 2.1099 1.1048 9.0638 2.2752 
166 12852 84536 6.5777 5037391 2583517978 512.8683 53306 6.0173  0 13223343 2932 0.0590 2.1046 1.1114 9.0592 2.2648 
167 12803 84536 6.6028 5050194 2583602514 511.5848 53308 5.8693  0 13223343 2932 0.0593 2.0994 1.1483 9.0547 2.2765 
168 12798 84536 6.6054 5062992 2583687050 510.3083 53310 5.9191  0 13223343 2932 0.0593 2.0943 1.1080 9.0501 2.2774 
169 12797 84536 6.6059 5075789 2583771586 509.0384 53312 5.9677  0 13223343 2932 0.0593 2.0892 1.1244 9.0455 2.2775 
170 12828 84536 6.5900 5088617 2583856122 507.7718 53314 6.0174  0 13223343 2932 0.0591 2.0840 1.1752 9.0412 2.2690 
171 12818 84536 6.5951 5101435 2583940658 506.5125 53316 5.8702  0 13223343 2932 0.0592 2.0790 1.1804 9.0369 2.2738 
172 12809 84536 6.5997 5114244 2584025194 505.2604 53318 5.9190  0 13223343 2932 0.0593 2.0739 1.1731 9.0325 2.2754 
173 12803 84536 6.6028 5127047 2584109730 504.0152 53320 5.9673  0 13223343 2932 0.0593 2.0689 1.2067 9.0283 2.2765 
174 12818 84536 6.5951 5139865 2584194266 502.7747 53322 6.0170  0 13223343 2932 0.0591 2.0639 1.1825 9.0241 2.2708 
175 12801 84536 6.6039 5152666 2584278802 501.5421 53324 5.8715  0 13223343 2932 0.0593 2.0589 1.1113 9.0195 2.2768 
176 12812 84536 6.5982 5165478 2584363338 500.3145 53326 5.9186  0 13223343 2932 0.0592 2.0539 1.1311 9.0150 2.2749 
177 12818 84536 6.5951 5178296 2584447874 499.0924 53328 5.9681  0 13223343 2932 0.0592 2.0490 1.1032 9.0104 2.2738 
178 12822 84536 6.5930 5191118 2584532410 497.8759 53330 6.0169  0 13223343 2932 0.0591 2.0441 1.1537 9.0060 2.2701 
179 12794 84536 6.6075 5203912 2584616946 496.6681 53332 5.8689  0 13223343 2932 0.0593 2.0392 1.1749 9.0017 2.2781 
180 12791 84536 6.6090 5216703 2584701482 495.4665 53334 5.9186  0 13223343 2932 0.0593 2.0343 1.1659 8.9974 2.2786 
181 12810 84536 6.5992 5229513 2584786018 494.2690 53336 5.9680  0 13223343 2932 0.0593 2.0295 1.1048 8.9928 2.2752 
182 18371 2146496 116.8415 5247884 2586932514 492.9477 53400 10.5883  0 13223343 2932 0.0392 2.0225 1.8253 8.9904 2.8177 
