1 78762 108223488 1374.0571 78762 108223488 1374.0571 1152 44.8175  0 40297 0 6.2400 6.2400 13.1526 13.1526 251.5887 
2 39349 108223488 2750.3491 118111 216446976 1832.5725 2304 40.9863  0 40297 0 12.2766 8.2511 18.8833 15.4815 471.4215 
3 15009 21655040 1442.8037 133120 238102016 1788.6270 2377 19.5285  0 45194 0 8.1948 8.2447 13.3677 15.2119 319.1327 
4 78445 84446208 1076.5021 211565 322548224 1524.5822 3529 43.0088  0 75876 44 6.3115 7.5279 12.7027 14.3319 292.7339 
5 2765 21500 7.7758 214330 322569724 1505.0144 3549 1.5625  0 77390 44 0.0868 7.4319 1.2060 14.3084 6.6662 
6 40184 559580 13.9254 254514 323129304 1269.5935 3551 16.2707  0 77390 44 0.0721 6.2699 1.2109 14.0327 3.1028 
7 79441 2554880 32.1607 333955 325684184 975.2338 3555 24.9804  0 77390 44 0.1930 4.8243 2.9349 13.5453 7.9274 
8 2601 17408 6.6928 336556 325701592 967.7486 4099 10.5076  0 79118 44 0.7197 4.7926 2.1767 13.4636 38.2671 
9 75571 155210192 2053.8328 412127 480911784 1166.9019 8451 40.8633  0 219689 44 5.1523 4.8586 8.5452 12.1084 203.2140 
10 87222 47585280 545.5651 499349 528497064 1058.3721 8531 24.9987  0 1063241 44 3.4854 4.6187 7.6904 11.2561 143.1360 
11 40408 562628 13.9237 539757 529059692 980.1812 8533 16.3937  0 1063241 44 0.0718 4.2783 1.1544 11.1337 3.0932 
12 79162 2558976 32.3258 618919 531618668 858.9471 8537 24.9809  0 1063241 44 0.1937 3.7559 2.3923 10.8717 7.9553 
13 103105 202934304 1968.2295 722024 734552972 1017.3525 12969 43.8597  0 1946373 44 6.5328 4.1524 11.2733 10.9594 254.6150 
15 41999 6276864 149.4527 764023 740829836 969.6434 12977 46.8063  0 1946373 44 0.4471 3.9487 3.6268 10.8232 18.0887 
16 12231 258060 21.0988 776254 741087896 954.6976 12997 22.5646  0 1950768 44 0.5216 3.8947 3.4655 10.7749 23.0444 
17 67941 212355936 3125.5933 844195 953443832 1129.4119 25165 55.7987  0 2043345 44 11.3415 4.4941 14.6985 11.3926 438.7686 
18 60791 84971520 1397.7648 904986 1038415352 1147.4380 25325 93.0086  0 3158083 44 6.4181 4.6233 9.7617 11.2178 250.8523 
19 40343 562628 13.9461 945329 1038977980 1099.0649 25327 16.3929  0 3158083 44 0.0719 4.4291 1.1572 11.1506 3.0982 
20 77695 2558976 32.9362 1023024 1041536956 1018.0963 25331 24.9796  0 3158083 44 0.1973 4.1077 3.2116 11.0510 8.1055 
21 76038 202934272 2668.8533 1099062 1244471228 1132.3030 29763 39.8104  0 4018458 44 8.4476 4.4079 11.5365 11.1130 324.3885 
23 15008 16672000 1110.8741 1114070 1261143228 1132.0143 30723 69.2532  0 4022642 44 12.6802 4.5194 17.6061 11.2701 491.8311 
24 24525 30689280 1251.3468 1138595 1291832508 1134.5847 31363 62.3370  0 4034372 44 4.7788 4.5250 13.5884 11.3140 192.3993 
25 46829 27557960 588.4807 1185424 1319390468 1113.0115 31426 24.7280  0 4060747 44 3.0639 4.4672 11.2129 11.3112 126.2151 
26 86971 47621120 547.5517 1272395 1367011588 1074.3610 31506 24.9665  0 4151700 44 2.3585 4.3231 9.4412 11.2283 101.1625 
27 284987 642951616 2256.0735 1557382 2009963204 1290.6039 40410 52.3129  0 6278818 2137 9.6980 5.3067 15.2414 12.3124 375.9920 
29 5550 8297600 1495.0631 1562932 2018260804 1291.3300 41210 45.6691  0 6281326 2137 11.6238 5.3291 16.7477 12.3378 446.3533 
30 3861 8939520 2315.3379 1566793 2027200324 1293.8534 41338 17.6826  0 6281326 2137 8.2880 5.3364 10.9702 12.3319 318.2595 
31 150123 31970880 212.9646 1716916 2059171204 1199.3430 41346 6.2498  0 6281326 2137 0.4157 4.9061 4.1090 12.1517 36.1544 
32 5745 752640 131.0078 1722661 2059923844 1195.7802 41410 6.2483  0 6285030 2137 1.5652 4.8950 6.0027 12.1384 69.0866 
33 173391 1390336 8.0185 1896052 2061314180 1087.1613 41474 1.7394  0 6290022 2137 0.2115 4.4667 1.2278 11.6887 8.5468 
34 16525 84536 5.1156 1912577 2061398716 1077.8121 41476 6.0413  0 6290022 2137 0.0474 4.4285 1.0623 11.6779 2.0031 
35 11884 84536 7.1134 1924461 2061483252 1071.2003 41478 6.0251  0 6290022 2137 0.0661 4.4016 1.1103 11.6676 2.7886 
36 11861 84536 7.1272 1936322 2061567788 1064.6823 41480 6.0338  0 6290022 2137 0.0662 4.3750 1.0783 11.6570 2.7940 
37 11815 84536 7.1550 1948137 2061652324 1058.2687 41482 6.0423  0 6290022 2137 0.0664 4.3489 1.1041 11.6467 2.8048 
38 12085 84536 6.9951 1960222 2061736860 1051.7875 41484 6.0531  0 6290022 2137 0.0649 4.3225 1.1011 11.6364 2.7390 
39 11749 84536 7.1952 1971971 2061821396 1045.5637 41486 6.0223  0 6290022 2137 0.0668 4.2971 1.1214 11.6263 2.8206 
40 11781 84536 7.1756 1983752 2061905932 1039.3970 41488 6.0224  0 6290022 2137 0.0666 4.2720 1.0709 11.6157 2.8129 
41 11743 84536 7.1988 1995495 2061990468 1033.3229 41490 6.0406  0 6290022 2137 0.0668 4.2472 1.1493 11.6059 2.8220 
42 12032 84536 7.0259 2007527 2062075004 1027.1718 41492 6.0524  0 6290022 2137 0.0652 4.2222 1.0652 11.5953 2.7511 
43 11749 84536 7.1952 2019276 2062159540 1021.2371 41494 6.0231  0 6290022 2137 0.0668 4.1980 1.1279 11.5853 2.8206 
44 11748 84536 7.1958 2031024 2062244076 1015.3716 41496 6.0310  0 6290022 2137 0.0668 4.1741 1.1263 11.5753 2.8208 
45 11757 84536 7.1903 2042781 2062328612 1009.5691 41498 6.0416  0 6290022 2137 0.0668 4.1505 1.0594 11.5647 2.8187 
46 12032 84536 7.0259 2054813 2062413148 1003.6987 41500 6.0462  0 6290022 2137 0.0652 4.1265 1.1121 11.5547 2.7511 
47 11744 84536 7.1982 2066557 2062497684 998.0357 41502 6.0244  0 6290022 2137 0.0668 4.1035 1.1103 11.5446 2.8218 
48 11753 84536 7.1927 2078310 2062582220 992.4324 41504 6.0312  0 6290022 2137 0.0668 4.0806 1.1072 11.5346 2.8196 
49 11757 84536 7.1903 2090067 2062666756 986.8903 41506 6.0413  0 6290022 2137 0.0668 4.0581 1.0680 11.5241 2.8187 
50 12041 84536 7.0207 2102108 2062751292 981.2775 41508 6.0526  0 6290022 2137 0.0651 4.0352 1.1649 11.5146 2.7490 
51 11759 84536 7.1890 2113867 2062835828 975.8589 41510 6.0227  0 6290022 2137 0.0668 4.0131 1.1056 11.5046 2.8182 
52 11748 84536 7.1958 2125615 2062920364 970.5051 41512 6.0310  0 6290022 2137 0.0668 3.9913 1.0768 11.4943 2.8208 
53 11783 84536 7.1744 2137398 2063004900 965.1946 41514 6.0325  0 6290022 2137 0.0666 3.9697 1.1460 11.4847 2.8125 
54 12032 84536 7.0259 2149430 2063089436 959.8309 41516 6.0524  0 6290022 2137 0.0652 3.9478 1.1136 11.4749 2.7511 
55 11759 84536 7.1890 2161189 2063173972 954.6476 41518 6.0223  0 6290022 2137 0.0668 3.9267 1.1426 11.4653 2.8182 
56 11750 84536 7.1946 2172939 2063258508 949.5244 41520 6.0335  0 6290022 2137 0.0668 3.9058 1.1025 11.4553 2.8204 
57 11757 84536 7.1903 2184696 2063343044 944.4532 41522 6.0413  0 6290022 2137 0.0668 3.8852 1.0565 11.4449 2.8187 
58 12032 84536 7.0259 2196728 2063427580 939.3187 41524 6.0525  0 6290022 2137 0.0652 3.8642 1.0580 11.4345 2.7511 
59 11776 84536 7.1787 2208504 2063512116 934.3483 41526 6.0091  0 6290022 2137 0.0667 3.8440 1.1527 11.4251 2.8141 
60 11750 84536 7.1946 2220254 2063596652 929.4417 41528 6.0313  0 6290022 2137 0.0668 3.8240 1.1426 11.4156 2.8204 
61 11769 84536 7.1829 2232023 2063681188 924.5788 41530 6.0410  0 6290022 2137 0.0667 3.8042 1.1072 11.4058 2.8158 
62 12027 84536 7.0289 2244050 2063765724 919.6612 41532 6.0524  0 6290022 2137 0.0652 3.7842 1.0904 11.3958 2.7522 
63 11742 84536 7.1995 2255792 2063850260 914.9116 41534 6.0228  0 6290022 2137 0.0669 3.7648 1.0964 11.3859 2.8223 
64 11748 84536 7.1958 2267540 2063934796 910.2088 41536 6.0314  0 6290022 2137 0.0668 3.7456 1.1151 11.3763 2.8208 
65 11757 84536 7.1903 2279297 2064019332 905.5508 41538 6.0408  0 6290022 2137 0.0668 3.7267 1.1360 11.3668 2.8187 
66 12041 84536 7.0207 2291338 2064103868 900.8290 41540 6.0462  0 6290022 2137 0.0651 3.7074 1.0638 11.3566 2.7490 
67 11759 84536 7.1890 2303097 2064188404 896.2664 41542 6.0223  0 6290022 2137 0.0668 3.6888 1.1056 11.3469 2.8182 
68 11748 84536 7.1958 2314845 2064272940 891.7543 41544 6.0310  0 6290022 2137 0.0668 3.6705 1.0918 11.3371 2.8208 
69 11750 84536 7.1946 2326595 2064357476 887.2870 41546 6.0403  0 6290022 2137 0.0668 3.6523 1.1010 11.3273 2.8204 
70 12017 84536 7.0347 2338612 2064442012 882.7638 41548 6.0520  0 6290022 2137 0.0652 3.6338 1.1216 11.3178 2.7545 
71 11759 84536 7.1890 2350371 2064526548 878.3833 41550 6.0221  0 6290022 2137 0.0668 3.6160 1.1182 11.3083 2.8182 
72 11791 84536 7.1695 2362162 2064611084 874.0345 41552 6.0208  0 6290022 2137 0.0666 3.5983 1.1263 11.2989 2.8106 
73 11752 84536 7.1933 2373914 2064695620 869.7432 41554 6.0416  0 6290022 2137 0.0668 3.5808 1.0918 11.2891 2.8199 
74 10416 84536 8.1160 2384330 2064780156 865.9792 41556 6.0530  0 6290022 2137 0.0728 3.5655 1.1033 11.2799 2.7945 
75 10405 84536 8.1246 2394735 2064864692 862.2518 41558 5.9630  0 6290022 2137 0.0729 3.5503 1.1345 11.2709 2.8011 
76 10409 84536 8.1214 2405144 2064949228 858.5554 41560 5.9922  0 6290022 2137 0.0729 3.5352 1.1064 11.2616 2.8000 
77 10403 84536 8.1261 2415547 2065033764 854.8928 41562 6.0230  0 6290022 2137 0.0730 3.5203 1.1328 11.2526 2.8017 
78 10435 84536 8.1012 2425982 2065118300 851.2505 41564 6.0464  0 6290022 2137 0.0726 3.5055 1.1082 11.2435 2.7894 
79 10388 84536 8.1379 2436370 2065202836 847.6556 41566 5.9623  0 6290022 2137 0.0731 3.4909 1.1713 11.2348 2.8057 
80 10394 84536 8.1332 2446764 2065287372 844.0894 41568 5.9934  0 6290022 2137 0.0730 3.4763 1.1080 11.2257 2.8041 
81 10408 84536 8.1222 2457172 2065371908 840.5483 41570 6.0233  0 6290022 2137 0.0729 3.4619 1.1641 11.2170 2.8003 
82 10577 84536 7.9924 2467749 2065456444 836.9799 41572 6.0560  0 6290022 2137 0.0717 3.4474 1.1163 11.2080 2.7519 
83 10547 84536 8.0152 2478296 2065540980 833.4521 41574 5.9668  0 6290022 2137 0.0720 3.4330 1.1080 11.1989 2.7634 
84 10517 84536 8.0380 2488813 2065625516 829.9641 41576 5.9955  0 6290022 2137 0.0722 3.4188 1.0766 11.1895 2.7713 
85 10528 84536 8.0296 2499341 2065710052 826.5019 41578 6.0148  0 6290022 2137 0.0721 3.4047 1.1588 11.1809 2.7684 
86 10464 84536 8.0787 2509805 2065794588 823.0897 41580 6.0539  0 6290022 2137 0.0724 3.3908 1.1050 11.1718 2.7817 
87 10501 84536 8.0503 2520306 2065879124 819.6938 41582 5.9656  0 6290022 2137 0.0723 3.3770 1.1396 11.1630 2.7755 
88 10437 84536 8.0996 2530743 2065963660 816.3467 41584 5.9927  0 6290022 2137 0.0727 3.3634 1.1483 11.1544 2.7925 
89 10401 84536 8.1277 2541144 2066048196 813.0386 41586 6.0228  0 6290022 2137 0.0730 3.3499 1.1767 11.1459 2.8022 
90 10407 84536 8.1230 2551551 2066132732 809.7556 41588 6.0529  0 6290022 2137 0.0728 3.3365 1.1213 11.1371 2.7969 
91 10408 84536 8.1222 2561959 2066217268 806.4990 41590 5.9621  0 6290022 2137 0.0729 3.3233 1.1016 11.1280 2.8003 
92 10413 84536 8.1183 2572372 2066301804 803.2671 41592 5.9933  0 6290022 2137 0.0729 3.3101 1.1080 11.1191 2.7990 
93 10401 84536 8.1277 2582773 2066386340 800.0650 41594 6.0228  0 6290022 2137 0.0730 3.2971 1.1749 11.1107 2.8022 
94 10421 84536 8.1121 2593194 2066470876 796.8825 41596 6.0530  0 6290022 2137 0.0727 3.2841 1.1297 11.1020 2.7931 
95 10396 84536 8.1316 2603590 2066555412 793.7330 41598 5.9616  0 6290022 2137 0.0730 3.2713 1.1606 11.0935 2.8035 
96 10406 84536 8.1238 2613996 2066639948 790.6057 41600 5.9928  0 6290022 2137 0.0729 3.2586 1.1517 11.0850 2.8008 
97 10401 84536 8.1277 2624397 2066724484 787.5045 41602 6.0227  0 6290022 2137 0.0730 3.2460 1.2105 11.0769 2.8022 
98 12200 2146496 175.9423 2636597 2068870980 784.6747 41666 12.4067  0 6299854 2137 0.1416 3.2316 1.0814 11.0562 16.9212 
99 3165 21500 6.7930 2639762 2068892480 783.7420 41686 1.5625  0 6299854 2137 0.0657 3.2278 1.4150 11.0544 4.2707 
100 40223 559580 13.9119 2679985 2069452060 772.1879 41688 16.1593  0 6299854 2137 0.0720 3.1804 1.2141 11.0240 3.0960 
101 69382 2554880 36.8234 2749367 2072006940 753.6306 41692 24.9622  0 6299854 2137 0.2210 3.1058 2.5712 10.9593 9.0767 
102 385 17408 45.2156 2749752 2072024348 753.5314 42236 10.1862  0 6299854 2137 4.2390 3.1059 10.1366 10.9591 162.7761 
103 46435 155210006 3342.5217 2796187 2227234354 796.5255 46588 39.3119  0 6407126 2137 8.3314 3.1927 9.7559 10.9008 319.9270 
104 36190 47585280 1314.8738 2832377 2274819634 803.1486 46668 24.8581  0 7267010 2137 7.3567 3.2459 9.7933 10.8653 282.4984 
105 11242 16672000 1483.0101 2843619 2291491634 805.8364 47628 63.1260  0 7268350 2137 16.8710 3.2998 19.6788 10.9645 647.8471 
106 10639 30689280 2884.6021 2854258 2322180914 813.5848 48268 59.4669  0 7268350 2137 10.8281 3.3278 15.3641 11.0027 415.7985 
107 3498 1075000 307.3185 2857756 2323255914 812.9651 49268 18.4833  0 7270376 2137 2.3419 3.3266 8.0314 10.9992 96.2525 
108 39527 8977800 227.1308 2897283 2332233714 804.9727 49368 10.1899  0 7298016 2137 1.0963 3.2962 6.1582 10.9601 54.2236 
109 9087 13164544 1448.7228 2906370 2345398258 806.9854 49496 15.3214  0 7299208 2137 7.6065 3.3097 11.0521 10.9608 292.0885 
110 331 4608 13.9215 2906701 2345402866 806.8951 49640 2.7842  0 7299208 2137 1.3051 3.3094 3.5410 10.9598 50.1172 
111 68733 149083144 2169.0183 2975434 2494486010 838.3604 51944 41.1347  0 7311659 2137 8.6876 3.4337 13.2730 11.0725 337.2237 
112 43298 33536000 774.5392 3018732 2528022010 837.4450 52144 31.2396  0 7669101 2137 3.3295 3.4322 8.9269 11.0356 136.7919 
113 5351 8297600 1550.6635 3024083 2536319610 838.7070 52944 47.0439  0 7671230 2137 12.0561 3.4474 17.4357 11.0608 462.9529 
114 3834 8939520 2331.6433 3027917 2545259130 840.5974 53072 17.6802  0 7671230 2137 8.3464 3.4536 11.0612 11.0608 320.5008 
115 150298 31970880 212.7166 3178215 2577230010 810.9049 53080 6.2470  0 7671230 2137 0.4129 3.3098 2.0605 10.7829 35.7485 
116 5259 752640 143.1147 3183474 2577982650 809.8017 53144 6.0557  0 7671554 2137 1.6353 3.3071 7.8755 10.7797 64.0219 
117 172871 1390336 8.0426 3356345 2579372986 768.5065 53208 1.5997  0 7671554 2137 0.2090 3.1475 1.9144 10.6116 8.0927 
118 10521 84536 8.0350 3366866 2579457522 766.1301 53210 6.0476  0 7671554 2137 0.0720 3.1379 1.1485 10.6053 2.7666 
119 10521 84536 8.0350 3377387 2579542058 763.7686 53212 5.9501  0 7671554 2137 0.0721 3.1283 1.1244 10.5989 2.7702 
120 10469 84536 8.0749 3387856 2579626594 761.4333 53214 5.9930  0 7671554 2137 0.0725 3.1189 1.1606 10.5927 2.7840 
121 10507 84536 8.0457 3398363 2579711130 759.1041 53216 6.0254  0 7671554 2137 0.0722 3.1095 1.1129 10.5862 2.7739 
122 10491 84536 8.0580 3408854 2579795666 756.7927 53218 6.0470  0 7671554 2137 0.0723 3.1001 1.1381 10.5799 2.7745 
123 10501 84536 8.0503 3419355 2579880202 754.4932 53220 5.9654  0 7671554 2137 0.0723 3.0908 1.1311 10.5736 2.7755 
124 10447 84536 8.0919 3429802 2579964738 752.2197 53222 5.9803  0 7671554 2137 0.0727 3.0816 1.1195 10.5672 2.7899 
125 10435 84536 8.1012 3440237 2580049274 749.9626 53224 6.0140  0 7671554 2137 0.0727 3.0725 1.1178 10.5608 2.7931 
126 10424 84536 8.1097 3450661 2580133810 747.7216 53226 6.0532  0 7671554 2137 0.0727 3.0635 1.1364 10.5545 2.7923 
127 10400 84536 8.1285 3461061 2580218346 745.4993 53228 5.9628  0 7671554 2137 0.0730 3.0545 1.1448 10.5483 2.8025 
128 10399 84536 8.1292 3471460 2580302882 743.2904 53230 5.9928  0 7671554 2137 0.0730 3.0455 1.2048 10.5424 2.8027 
129 10401 84536 8.1277 3481861 2580387418 741.0943 53232 6.0234  0 7671554 2137 0.0730 3.0367 1.1195 10.5360 2.8022 
130 10426 84536 8.1082 3492287 2580471954 738.9061 53234 6.0459  0 7671554 2137 0.0727 3.0278 1.2167 10.5303 2.7918 
131 10405 84536 8.1246 3502692 2580556490 736.7352 53236 5.9625  0 7671554 2137 0.0729 3.0190 1.1972 10.5244 2.8011 
132 10423 84536 8.1105 3513115 2580641026 734.5734 53238 5.9934  0 7671554 2137 0.0728 3.0103 1.1731 10.5184 2.7963 
133 10401 84536 8.1277 3523516 2580725562 732.4291 53240 6.0229  0 7671554 2137 0.0730 3.0016 1.1145 10.5120 2.8022 
134 10514 84536 8.0403 3534030 2580810098 730.2739 53242 6.0547  0 7671554 2137 0.0721 2.9929 1.1330 10.5058 2.7684 
135 10412 84536 8.1191 3544442 2580894634 728.1526 53244 5.9618  0 7671554 2137 0.0729 2.9843 1.1641 10.4997 2.7992 
136 10399 84536 8.1292 3554841 2580979170 726.0463 53246 5.9937  0 7671554 2137 0.0730 2.9758 1.1129 10.4934 2.8027 
137 10445 84536 8.0934 3565286 2581063706 723.9429 53248 6.0133  0 7671554 2137 0.0727 2.9673 1.2048 10.4876 2.7904 
138 10436 84536 8.1004 3575722 2581148242 721.8537 53250 6.0460  0 7671554 2137 0.0726 2.9589 1.1590 10.4815 2.7891 
139 10412 84536 8.1191 3586134 2581232778 719.7815 53252 5.9620  0 7671554 2137 0.0729 2.9505 1.1311 10.4753 2.7992 
140 10483 84536 8.0641 3596617 2581317314 717.7070 53254 5.9945  0 7671554 2137 0.0724 2.9421 1.1517 10.4692 2.7803 
141 10572 84536 7.9962 3607189 2581401850 715.6270 53256 6.0160  0 7671554 2137 0.0718 2.9337 1.1000 10.4628 2.7569 
142 10546 84536 8.0159 3617735 2581486386 713.5643 53258 6.0555  0 7671554 2137 0.0719 2.9253 1.1246 10.4566 2.7600 
143 10552 84536 8.0114 3628287 2581570922 711.5123 53260 5.9514  0 7671554 2137 0.0719 2.9170 1.1659 10.4506 2.7621 
144 10512 84536 8.0419 3638799 2581655458 709.4801 53262 5.9963  0 7671554 2137 0.0722 2.9088 1.1145 10.4444 2.7726 
145 10473 84536 8.0718 3649272 2581739994 707.4672 53264 6.0239  0 7671554 2137 0.0725 2.9007 1.1162 10.4381 2.7829 
146 10488 84536 8.0603 3659760 2581824530 705.4628 53266 6.0544  0 7671554 2137 0.0723 2.8926 1.0721 10.4316 2.7753 
147 10405 84536 8.1246 3670165 2581909066 703.4858 53268 5.9632  0 7671554 2137 0.0729 2.8846 1.2009 10.4258 2.8011 
148 10401 84536 8.1277 3680566 2581993602 701.5208 53270 5.9927  0 7671554 2137 0.0730 2.8766 1.1822 10.4200 2.8022 
149 10401 84536 8.1277 3690967 2582078138 699.5668 53272 6.0229  0 7671554 2137 0.0730 2.8687 1.1145 10.4138 2.8022 
150 10445 84536 8.0934 3701412 2582162674 697.6156 53274 6.0541  0 7671554 2137 0.0726 2.8608 1.1956 10.4080 2.7867 
151 10408 84536 8.1222 3711820 2582247210 695.6822 53276 5.9639  0 7671554 2137 0.0729 2.8530 1.1261 10.4019 2.8003 
152 10406 84536 8.1238 3722226 2582331746 693.7600 53278 5.9918  0 7671554 2137 0.0729 2.8453 1.1713 10.3960 2.8008 
153 10408 84536 8.1222 3732634 2582416282 691.8483 53280 6.0231  0 7671554 2137 0.0729 2.8375 1.2009 10.3903 2.8003 
154 10438 84536 8.0989 3743072 2582500818 689.9415 53282 6.0539  0 7671554 2137 0.0726 2.8298 1.0954 10.3840 2.7886 
155 10415 84536 8.1168 3753487 2582585354 688.0496 53284 5.9623  0 7671554 2137 0.0729 2.8222 1.1261 10.3779 2.7984 
156 10416 84536 8.1160 3763903 2582669890 686.1680 53286 5.9933  0 7671554 2137 0.0729 2.8146 1.2048 10.3722 2.7982 
157 10396 84536 8.1316 3774299 2582754426 684.3004 53288 6.0231  0 7671554 2137 0.0730 2.8070 1.1032 10.3660 2.8035 
158 10412 84536 8.1191 3784711 2582838962 682.4402 53290 6.0532  0 7671554 2137 0.0728 2.7995 1.1752 10.3602 2.7955 
159 10405 84536 8.1246 3795116 2582923498 680.5914 53292 5.9618  0 7671554 2137 0.0729 2.7920 1.1588 10.3543 2.8011 
160 10411 84536 8.1199 3805527 2583008034 678.7517 53294 5.9924  0 7671554 2137 0.0729 2.7846 1.1016 10.3481 2.7995 
161 10418 84536 8.1144 3815945 2583092570 676.9208 53296 6.0230  0 7671554 2137 0.0729 2.7772 1.1195 10.3420 2.7976 
162 10431 84536 8.1043 3826376 2583177106 675.0976 53298 6.0531  0 7671554 2137 0.0727 2.7698 1.0954 10.3357 2.7905 
163 10388 84536 8.1379 3836764 2583261642 673.2918 53300 5.9627  0 7671554 2137 0.0731 2.7625 1.1786 10.3300 2.8057 
164 10387 84536 8.1386 3847151 2583346178 671.4959 53302 5.9919  0 7671554 2137 0.0731 2.7552 1.1695 10.3242 2.8060 
165 10408 84536 8.1222 3857559 2583430714 669.7061 53304 6.0225  0 7671554 2137 0.0729 2.7480 1.1713 10.3184 2.8003 
166 10449 84536 8.0903 3868008 2583515250 667.9188 53306 6.0535  0 7671554 2137 0.0725 2.7408 1.0813 10.3121 2.7856 
167 10415 84536 8.1168 3878423 2583599786 666.1470 53308 5.9628  0 7671554 2137 0.0729 2.7336 1.1244 10.3061 2.7984 
168 10399 84536 8.1292 3888822 2583684322 664.3874 53310 5.9923  0 7671554 2137 0.0730 2.7265 1.1278 10.3001 2.8027 
169 10394 84536 8.1332 3899216 2583768858 662.6381 53312 6.0225  0 7671554 2137 0.0730 2.7194 1.1195 10.2941 2.8041 
170 10433 84536 8.1028 3909649 2583853394 660.8914 53314 6.0534  0 7671554 2137 0.0727 2.7123 1.1918 10.2884 2.7899 
171 10408 84536 8.1222 3920057 2583937930 659.1583 53316 5.9628  0 7671554 2137 0.0729 2.7053 1.1897 10.2828 2.8003 
172 10406 84536 8.1238 3930463 2584022466 657.4346 53318 5.9925  0 7671554 2137 0.0729 2.6984 1.1261 10.2768 2.8008 
173 10401 84536 8.1277 3940864 2584107002 655.7209 53320 6.0230  0 7671554 2137 0.0730 2.6914 1.1804 10.2712 2.8022 
174 10414 84536 8.1175 3951278 2584191538 654.0141 53322 6.0529  0 7671554 2137 0.0728 2.6845 1.0970 10.2650 2.7950 
175 10403 84536 8.1261 3961681 2584276074 652.3181 53324 5.9613  0 7671554 2137 0.0730 2.6777 1.1414 10.2592 2.8017 
176 10399 84536 8.1292 3972080 2584360610 650.6316 53326 5.9925  0 7671554 2137 0.0730 2.6709 1.1588 10.2534 2.8027 
177 10425 84536 8.1090 3982505 2584445146 648.9496 53328 6.0237  0 7671554 2137 0.0728 2.6641 1.0905 10.2472 2.7957 
178 10438 84536 8.0989 3992943 2584529682 647.2744 53330 6.0536  0 7671554 2137 0.0726 2.6573 1.0412 10.2408 2.7886 
179 10396 84536 8.1316 4003339 2584614218 645.6146 53332 5.9616  0 7671554 2137 0.0730 2.6506 1.1841 10.2352 2.8035 
180 10409 84536 8.1214 4013748 2584698754 643.9614 53334 5.9936  0 7671554 2137 0.0729 2.6439 1.1195 10.2292 2.8000 
181 10408 84536 8.1222 4024156 2584783290 642.3169 53336 6.0231  0 7671554 2137 0.0729 2.6372 1.1345 10.2234 2.8003 
182 11722 2146496 183.1169 4035878 2586929786 640.9831 53400 10.7886  0 7671554 2137 0.0615 2.6298 1.7585 10.2200 4.4159 
