1 165869 432893952 2609.8545 165869 432893952 2609.8545 4608 47.4781  0 10700 0 11.6800 11.6800 14.6910 14.6910 454.1960 
2 137737 432893952 3142.9023 303606 865787904 2851.6824 9216 46.4976  0 10700 146 14.0220 12.7424 16.2343 15.4229 538.4431 
3 40816 86572544 2121.0442 344422 952360448 2765.0977 9505 72.4684  0 482989 146 12.0125 12.6560 14.1314 15.2660 463.0880 
4 174157 337784832 1939.5421 518579 1290145280 2487.8472 14113 42.1721  0 1842930 479377 11.2803 12.1939 13.6553 14.7264 513.4241 
5 1728 21500 12.4421 520307 1290166780 2479.6260 14133 1.5625  0 1843245 479377 0.1389 12.1539 1.2245 14.7202 10.6667 
6 23470 559580 23.8424 543777 1290726360 2373.6318 14135 16.3983  0 1843245 479377 0.1235 11.6347 1.2135 14.6455 5.3125 
7 44700 10219520 228.6246 588477 1300945880 2210.6997 14151 24.9624  0 1843605 479377 1.3720 10.8551 7.0193 14.4943 56.3544 
8 1682 17408 10.3496 590159 1300963288 2204.4285 14695 10.4388  0 1844409 479377 1.1130 10.8274 2.1767 14.4703 59.1753 
9 169868 620841074 3654.8442 760027 1921804362 2528.6001 32103 43.0047  0 1889644 479377 8.9833 10.4152 10.5494 13.5029 347.3456 
10 148164 190341120 1284.6652 908191 2112145482 2325.6624 32423 49.1119  0 4510299 479377 8.0646 10.0317 10.0348 12.9174 315.1535 
11 23576 562628 23.8644 931767 2112708110 2267.4211 32425 16.5221  0 4510299 479377 0.1230 9.7810 1.2303 12.8784 5.3017 
12 45418 10235904 225.3711 977185 2122944014 2172.5098 32441 24.9285  0 4510299 479377 1.3425 9.3888 4.3350 12.7119 54.2595 
13 269147 811741600 3015.9785 1246332 2934685614 2354.6580 50169 51.8911  0 6780759 480829 9.9711 9.5145 11.3336 12.3714 384.3286 
15 29211 25107456 859.5206 1275543 2959793070 2320.4182 50201 46.7599  0 6786482 480829 2.5711 9.3555 8.9218 12.3414 104.0301 
16 7182 258060 35.9315 1282725 2960051130 2307.6272 50221 22.5805  0 6787687 480829 0.8883 9.3081 3.4674 12.3245 39.2448 
17 211930 849423744 4008.0391 1494655 3809474874 2548.7319 98893 58.0975  0 6795549 480829 14.3465 10.0225 15.0887 12.8005 551.9495 
18 177055 339886080 1919.6638 1671710 4149360954 2482.1057 99533 88.4076  0 10062358 480829 8.7772 9.8906 9.5705 12.4069 338.5526 
19 22729 562628 24.7537 1694439 4149923582 2449.1431 99535 16.4320  0 10062358 480829 0.1275 9.7597 1.2300 12.3872 5.4857 
20 45353 10235904 225.6941 1739792 4160159486 2391.1821 99551 24.9058  0 10062358 480829 1.3385 9.5401 4.3840 12.3050 53.4330 
21 256818 811741280 3160.7649 1996610 4971900766 2490.1714 117279 52.0125  0 12366171 480829 9.9700 9.5954 10.7806 12.0768 382.8473 
23 94888 48665600 512.8741 2091498 5020566366 2400.4644 118559 94.3827  0 13389321 480856 7.9951 9.5228 8.3962 11.8785 307.7888 
24 64367 122757120 1907.1437 2155865 5143323486 2385.7356 121119 90.7862  0 14265461 480856 7.1900 9.4532 8.4319 11.7692 279.4853 
25 30040 27557960 917.3755 2185905 5170881446 2365.5564 121182 24.7391  0 14274565 480856 4.7783 9.3889 11.3686 11.7663 197.0621 
26 120743 190484480 1577.6027 2306648 5361365926 2324.3105 121502 48.2006  0 14889724 480856 6.5965 9.2428 13.3407 11.8184 260.9380 
27 691004 2572013664 3722.1399 2997652 7933379590 2646.5312 157118 53.5455  0 19433707 484519 15.1545 10.6055 16.6601 13.0695 583.4139 
29 14512 33190400 2287.1003 3012164 7966569990 2644.7996 160318 88.2206  0 19434024 484519 17.6772 10.6396 20.5323 13.1076 678.8031 
30 12774 35758080 2799.2861 3024938 8002328070 2645.4519 160830 67.2019  0 19434024 484519 10.0204 10.6370 13.1228 13.1077 384.7816 
31 121591 127883520 1051.7516 3146529 8130211590 2583.8667 160862 6.2489  0 19443924 484519 2.0530 10.3053 5.1268 12.9525 178.5530 
32 4569 3010560 658.9100 3151098 8133222150 2581.0757 161118 19.9421  0 19445807 484519 7.6025 10.3013 14.6380 12.9541 306.0570 
33 169308 5561344 32.8475 3320406 8138783494 2451.1411 161374 5.3857  0 19447852 484519 0.8560 9.8197 1.4941 12.5270 33.4148 
34 11698 84536 7.2265 3332104 8138868030 2442.5613 161376 6.0691  0 19447852 484519 0.0670 9.7855 1.1429 12.5240 2.8296 
35 10207 84536 8.2822 3342311 8138952566 2435.1272 161378 6.0873  0 19447852 484519 0.0769 9.7558 1.1166 12.5209 3.2467 
36 10097 84536 8.3724 3352408 8139037102 2427.8181 161380 6.0857  0 19447852 484519 0.0777 9.7267 1.1328 12.5179 3.2821 
37 10169 84536 8.3131 3362577 8139121638 2420.5012 161382 6.0869  0 19447852 484519 0.0772 9.6975 1.1041 12.5148 3.2588 
38 10270 84536 8.2314 3372847 8139206174 2413.1560 161384 6.0874  0 19447852 484519 0.0763 9.6682 1.0580 12.5115 3.2231 
39 10166 84536 8.3156 3383013 8139290710 2405.9294 161386 6.0868  0 19447852 484519 0.0772 9.6394 1.0580 12.5082 3.2598 
40 10207 84536 8.2822 3393220 8139375246 2398.7173 161388 6.0801  0 19447852 484519 0.0769 9.6106 1.0948 12.5051 3.2467 
41 10222 84536 8.2700 3403442 8139459782 2391.5376 161390 6.0877  0 19447852 484519 0.0768 9.5820 1.1751 12.5022 3.2419 
42 10294 84536 8.2122 3413736 8139544318 2384.3508 161392 6.0879  0 19447852 484519 0.0762 9.5533 1.1105 12.4991 3.2155 
43 10165 84536 8.3164 3423901 8139628854 2377.2969 161394 6.0868  0 19447852 484519 0.0772 9.5252 1.0873 12.4960 3.2601 
44 10165 84536 8.3164 3434066 8139713390 2370.2844 161396 6.0868  0 19447852 484519 0.0772 9.4972 1.0843 12.4928 3.2601 
45 10250 84536 8.2474 3444316 8139797926 2363.2554 161398 6.0882  0 19447852 484519 0.0766 9.4692 1.1041 12.4897 3.2331 
46 10258 84536 8.2410 3454574 8139882462 2356.2622 161400 6.0797  0 19447852 484519 0.0764 9.4413 1.0950 12.4866 3.2268 
47 10105 84536 8.3658 3464679 8139966998 2349.4146 161402 6.0857  0 19447852 484519 0.0777 9.4140 1.0551 12.4833 3.2795 
48 10097 84536 8.3724 3474776 8140051534 2342.6118 161404 6.0857  0 19447852 484519 0.0777 9.3869 1.1410 12.4803 3.2821 
49 10114 84536 8.3583 3484890 8140136070 2335.8372 161406 6.0860  0 19447852 484519 0.0776 9.3598 1.0753 12.4771 3.2766 
50 10264 84536 8.2362 3495154 8140220606 2329.0020 161408 6.0869  0 19447852 484519 0.0764 9.3326 1.1089 12.4741 3.2249 
51 10104 84536 8.3666 3505258 8140305142 2322.3125 161410 6.0858  0 19447852 484519 0.0777 9.3059 1.0964 12.4710 3.2798 
52 10096 84536 8.3732 3515354 8140389678 2315.6672 161412 6.0857  0 19447852 484519 0.0778 9.2794 1.1182 12.4679 3.2824 
53 10100 84536 8.3699 3525454 8140474214 2309.0571 161414 6.0783  0 19447852 484519 0.0777 9.2530 1.1716 12.4650 3.2811 
54 10232 84536 8.2619 3535686 8140558750 2302.3987 161416 6.0795  0 19447852 484519 0.0766 9.2265 1.1027 12.4619 3.2350 
55 10109 84536 8.3624 3545795 8140643286 2295.8584 161418 6.0857  0 19447852 484519 0.0777 9.2004 1.1151 12.4589 3.2782 
56 10114 84536 8.3583 3555909 8140727822 2289.3521 161420 6.0859  0 19447852 484519 0.0776 9.1744 1.0622 12.4557 3.2766 
57 10093 84536 8.3757 3566002 8140812358 2282.8962 161422 6.0777  0 19447852 484519 0.0778 9.1487 1.1246 12.4526 3.2834 
58 10227 84536 8.2660 3576229 8140896894 2276.3914 161424 6.0868  0 19447852 484519 0.0767 9.1228 1.1011 12.4496 3.2366 
59 10109 84536 8.3624 3586338 8140981430 2269.9983 161426 6.0782  0 19447852 484519 0.0777 9.0973 1.1734 12.4467 3.2782 
60 10109 84536 8.3624 3596447 8141065966 2263.6411 161428 6.0859  0 19447852 484519 0.0777 9.0719 1.0918 12.4436 3.2782 
61 10113 84536 8.3591 3606560 8141150502 2257.3174 161430 6.0860  0 19447852 484519 0.0776 9.0467 1.0979 12.4405 3.2769 
62 10225 84536 8.2676 3616785 8141235038 2250.9592 161432 6.0868  0 19447852 484519 0.0767 9.0213 1.0740 12.4373 3.2372 
63 10097 84536 8.3724 3626882 8141319574 2244.7158 161434 6.0857  0 19447852 484519 0.0777 8.9964 1.0843 12.4342 3.2821 
64 10093 84536 8.3757 3636975 8141404110 2238.5098 161436 6.0854  0 19447852 484519 0.0778 8.9717 1.1328 12.4312 3.2834 
65 10101 84536 8.3691 3647076 8141488646 2232.3333 161438 6.0857  0 19447852 484519 0.0777 8.9471 1.0828 12.4281 3.2808 
66 10233 84536 8.2611 3657309 8141573182 2226.1104 161440 6.0793  0 19447852 484519 0.0766 8.9222 1.0950 12.4250 3.2347 
67 10104 84536 8.3666 3667413 8141657718 2220.0002 161442 6.0858  0 19447852 484519 0.0777 8.8979 1.0964 12.4219 3.2798 
68 10097 84536 8.3724 3677510 8141742254 2213.9280 161444 6.0857  0 19447852 484519 0.0777 8.8736 1.1328 12.4189 3.2821 
69 10101 84536 8.3691 3687611 8141826790 2207.8865 161446 6.0857  0 19447852 484519 0.0777 8.8496 1.1103 12.4159 3.2808 
70 10219 84536 8.2724 3697830 8141911326 2201.8079 161448 6.0865  0 19447852 484519 0.0767 8.8253 1.1329 12.4129 3.2391 
71 10109 84536 8.3624 3707939 8141995862 2195.8279 161450 6.0857  0 19447852 484519 0.0777 8.8015 1.1151 12.4099 3.2782 
72 10105 84536 8.3658 3718044 8142080398 2189.8828 161452 6.0782  0 19447852 484519 0.0777 8.7778 1.0724 12.4067 3.2795 
73 10093 84536 8.3757 3728137 8142164934 2183.9768 161454 6.0854  0 19447852 484519 0.0778 8.7542 1.1246 12.4037 3.2834 
74 8616 84536 9.8115 3736753 8142249470 2178.9639 161456 6.0939  0 19447852 484519 0.0880 8.7342 1.0327 12.4006 3.3783 
75 8593 84536 9.8378 3745346 8142334006 2173.9871 161458 6.0677  0 19447852 484519 0.0883 8.7144 1.1096 12.3976 3.3918 
76 8642 84536 9.7820 3753988 8142418542 2169.0049 161460 6.0605  0 19447852 484519 0.0878 8.6945 1.1064 12.3947 3.3726 
77 8623 84536 9.8035 3762611 8142503078 2164.0566 161462 6.0853  0 19447852 484519 0.0880 8.6748 1.0542 12.3916 3.3800 
78 8631 84536 9.7945 3771242 8142587614 2159.1262 161464 6.0850  0 19447852 484519 0.0878 8.6551 1.1082 12.3887 3.3724 
79 8635 84536 9.7899 3779877 8142672150 2154.2163 161466 6.0483  0 19447852 484519 0.0879 8.6356 1.1804 12.3859 3.3753 
80 8611 84536 9.8172 3788488 8142756686 2149.3420 161468 6.0747  0 19447852 484519 0.0881 8.6161 1.1822 12.3832 3.3847 
81 8610 84536 9.8184 3797098 8142841222 2144.4907 161470 6.0839  0 19447852 484519 0.0882 8.5968 1.1431 12.3804 3.3851 
82 8721 84536 9.6934 3805819 8142925758 2139.5989 161472 6.0951  0 19447852 484519 0.0869 8.5773 1.1033 12.3774 3.3376 
83 8614 84536 9.8138 3814433 8143010294 2134.7891 161474 6.0660  0 19447852 484519 0.0881 8.5581 1.1261 12.3745 3.3835 
84 8595 84536 9.8355 3823028 8143094830 2130.0117 161476 6.0746  0 19447852 484519 0.0883 8.5391 1.1244 12.3717 3.3910 
85 8635 84536 9.7899 3831663 8143179366 2125.2336 161478 6.0730  0 19447852 484519 0.0879 8.5200 1.1261 12.3688 3.3753 
86 8628 84536 9.7979 3840291 8143263902 2120.4810 161480 6.0941  0 19447852 484519 0.0879 8.5011 1.1213 12.3659 3.3736 
87 8618 84536 9.8092 3848909 8143348438 2115.7549 161482 6.0680  0 19447852 484519 0.0881 8.4823 1.1113 12.3630 3.3819 
88 8616 84536 9.8115 3857525 8143432974 2111.0513 161484 6.0748  0 19447852 484519 0.0881 8.4635 1.1731 12.3603 3.3827 
89 8697 84536 9.7201 3866222 8143517510 2106.3245 161486 6.0865  0 19447852 484519 0.0873 8.4447 1.1211 12.3574 3.3512 
90 8752 84536 9.6590 3874974 8143602046 2101.5889 161488 6.0963  0 19447852 484519 0.0866 8.4258 1.0860 12.3544 3.3258 
91 8762 84536 9.6480 3883736 8143686582 2096.8694 161490 6.0504  0 19447852 484519 0.0866 8.4070 1.0984 12.3515 3.3264 
92 8714 84536 9.7012 3892450 8143771118 2092.1968 161492 6.0762  0 19447852 484519 0.0871 8.3884 1.1623 12.3487 3.3447 
93 8730 84536 9.6834 3901180 8143855654 2087.5364 161494 6.0862  0 19447852 484519 0.0869 8.3698 1.1048 12.3458 3.3386 
94 8753 84536 9.6579 3909933 8143940190 2082.8848 161496 6.0963  0 19447852 484519 0.0866 8.3512 1.1050 12.3429 3.3254 
95 8642 84536 9.7820 3918575 8144024726 2078.3127 161498 6.0666  0 19447852 484519 0.0878 8.3330 1.1295 12.3400 3.3726 
96 8609 84536 9.8195 3927184 8144109262 2073.7783 161500 6.0749  0 19447852 484519 0.0882 8.3149 1.1345 12.3372 3.3855 
97 8613 84536 9.8149 3935797 8144193798 2069.2617 161502 6.0838  0 19447852 484519 0.0881 8.2969 1.1500 12.3344 3.3839 
98 8656 84536 9.7662 3944453 8144278334 2064.7422 161504 6.0855  0 19447852 484519 0.0876 8.2789 1.0875 12.3314 3.3627 
99 8615 84536 9.8127 3953068 8144362870 2060.2639 161506 6.0663  0 19447852 484519 0.0881 8.2611 1.1804 12.3287 3.3831 
100 8623 84536 9.8035 3961691 8144447406 2055.8008 161508 6.0755  0 19447852 484519 0.0880 8.2433 1.1465 12.3259 3.3800 
101 8596 84536 9.8343 3970287 8144531942 2051.3711 161510 6.0840  0 19447852 484519 0.0883 8.2256 1.1623 12.3232 3.3906 
102 8628 84536 9.7979 3978915 8144616478 2046.9441 161512 6.0938  0 19447852 484519 0.0879 8.2080 1.1082 12.3203 3.3736 
103 8618 84536 9.8092 3987533 8144701014 2042.5414 161514 6.0658  0 19447852 484519 0.0881 8.1904 1.1517 12.3175 3.3819 
104 8645 84536 9.7786 3996178 8144785550 2038.1438 161516 6.0597  0 19447852 484519 0.0878 8.1729 1.1731 12.3148 3.3714 
105 8596 84536 9.8343 4004774 8144870086 2033.7902 161518 6.0836  0 19447852 484519 0.0883 8.1555 1.1328 12.3120 3.3906 
106 8624 84536 9.8024 4013398 8144954622 2029.4410 161520 6.0940  0 19447852 484519 0.0879 8.1382 1.1213 12.3091 3.3751 
107 8605 84536 9.8241 4022003 8145039158 2025.1201 161522 6.0677  0 19447852 484519 0.0882 8.1210 1.1465 12.3063 3.3871 
108 8608 84536 9.8206 4030611 8145123694 2020.8162 161524 6.0746  0 19447852 484519 0.0882 8.1038 1.1195 12.3035 3.3859 
109 8621 84536 9.8058 4039232 8145208230 2016.5240 161526 6.0851  0 19447852 484519 0.0880 8.0867 1.1080 12.3006 3.3808 
110 8635 84536 9.7899 4047867 8145292766 2012.2432 161528 6.0852  0 19447852 484519 0.0878 8.0697 1.1098 12.2977 3.3708 
111 8601 84536 9.8286 4056468 8145377302 2007.9974 161530 6.0676  0 19447852 484519 0.0882 8.0527 1.1129 12.2948 3.3886 
112 8591 84536 9.8401 4065059 8145461838 2003.7745 161532 6.0753  0 19447852 484519 0.0883 8.0359 1.1379 12.2920 3.3926 
113 8637 84536 9.7877 4073696 8145546374 1999.5469 161534 6.0850  0 19447852 484519 0.0879 8.0191 1.0968 12.2891 3.3745 
114 8640 84536 9.7843 4082336 8145630910 1995.3357 161536 6.0942  0 19447852 484519 0.0877 8.0023 1.0542 12.2861 3.3689 
115 8614 84536 9.8138 4090950 8145715446 1991.1549 161538 6.0657  0 19447852 484519 0.0881 7.9856 1.1517 12.2833 3.3835 
116 8595 84536 9.8355 4099545 8145799982 1987.0011 161540 6.0762  0 19447852 484519 0.0883 7.9690 1.0968 12.2804 3.3910 
117 8635 84536 9.7899 4108180 8145884518 1982.8451 161542 6.0724  0 19447852 484519 0.0879 7.9525 1.1972 12.2778 3.3753 
118 8625 84536 9.8013 4116805 8145969054 1978.7114 161544 6.0941  0 19447852 484519 0.0879 7.9360 1.1573 12.2750 3.3747 
119 8663 84536 9.7583 4125468 8146053590 1974.5769 161546 6.0668  0 19447852 484519 0.0876 7.9195 1.1414 12.2723 3.3644 
120 8611 84536 9.8172 4134079 8146138126 1970.4844 161548 6.0747  0 19447852 484519 0.0881 7.9032 1.1878 12.2696 3.3847 
121 8604 84536 9.8252 4142683 8146222662 1966.4122 161550 6.0842  0 19447852 484519 0.0882 7.8870 1.1786 12.2669 3.3874 
122 8628 84536 9.7979 4151311 8146307198 1962.3457 161552 6.0940  0 19447852 484519 0.0879 7.8708 1.1050 12.2640 3.3736 
123 8632 84536 9.7933 4159943 8146391734 1958.2941 161554 6.0474  0 19447852 484519 0.0879 7.8546 1.1786 12.2614 3.3765 
124 8647 84536 9.7763 4168590 8146476270 1954.2522 161556 6.0616  0 19447852 484519 0.0878 7.8385 1.1178 12.2585 3.3706 
125 8600 84536 9.8298 4177190 8146560806 1950.2491 161558 6.0840  0 19447852 484519 0.0883 7.8226 1.1211 12.2557 3.3890 
126 8701 84536 9.7157 4185891 8146645342 1946.2155 161560 6.0945  0 19447852 484519 0.0871 7.8065 1.1537 12.2530 3.3453 
127 8587 84536 9.8446 4194478 8146729878 1942.2512 161562 6.0679  0 19447852 484519 0.0884 7.7907 1.1261 12.2502 3.3942 
128 8611 84536 9.8172 4203089 8146814414 1938.2921 161564 6.0743  0 19447852 484519 0.0881 7.7749 1.1517 12.2474 3.3847 
129 8610 84536 9.8184 4211699 8146898950 1934.3497 161566 6.0839  0 19447852 484519 0.0882 7.7592 1.1431 12.2447 3.3851 
130 8657 84536 9.7650 4220356 8146983486 1930.4020 161568 6.0853  0 19447852 484519 0.0876 7.7434 1.0938 12.2418 3.3623 
131 8614 84536 9.8138 4228970 8147068022 1926.4899 161570 6.0657  0 19447852 484519 0.0881 7.7279 1.1517 12.2390 3.3835 
132 8591 84536 9.8401 4237561 8147152558 1922.6041 161572 6.0757  0 19447852 484519 0.0883 7.7124 1.0968 12.2361 3.3926 
133 8596 84536 9.8343 4246157 8147237094 1918.7319 161574 6.0840  0 19447852 484519 0.0883 7.6969 1.1623 12.2334 3.3906 
134 8631 84536 9.7945 4254788 8147321630 1914.8596 161576 6.0939  0 19447852 484519 0.0878 7.6815 1.1131 12.2306 3.3724 
135 8614 84536 9.8138 4263402 8147406166 1911.0106 161578 6.0666  0 19447852 484519 0.0881 7.6662 1.1553 12.2279 3.3835 
136 8645 84536 9.7786 4272047 8147490702 1907.1632 161580 6.0600  0 19447852 484519 0.0878 7.6508 1.1878 12.2252 3.3714 
137 8599 84536 9.8309 4280646 8147575238 1903.3518 161582 6.0848  0 19447852 484519 0.0883 7.6356 1.1080 12.2224 3.3894 
138 8717 84536 9.6978 4289363 8147659774 1899.5034 161584 6.0957  0 19447852 484519 0.0870 7.6203 1.1555 12.2197 3.3391 
139 8727 84536 9.6867 4298090 8147744310 1895.6663 161586 6.0703  0 19447852 484519 0.0870 7.6050 1.1000 12.2168 3.3397 
140 8711 84536 9.7045 4306801 8147828846 1891.8517 161588 6.0786  0 19447852 484519 0.0871 7.5898 1.1016 12.2139 3.3458 
141 8750 84536 9.6613 4315551 8147913382 1888.0354 161590 6.0869  0 19447852 484519 0.0867 7.5746 1.1195 12.2111 3.3309 
142 8763 84536 9.6469 4324314 8147997918 1884.2290 161592 6.0875  0 19447852 484519 0.0865 7.5594 1.1050 12.2083 3.3216 
143 8720 84536 9.6945 4333034 8148082454 1880.4567 161594 6.0685  0 19447852 484519 0.0870 7.5444 1.1244 12.2055 3.3424 
144 8673 84536 9.7470 4341707 8148166990 1876.7197 161596 6.0755  0 19447852 484519 0.0875 7.5295 1.1553 12.2028 3.3605 
145 8610 84536 9.8184 4350317 8148251526 1873.0248 161598 6.0839  0 19447852 484519 0.0882 7.5147 1.1431 12.2000 3.3851 
146 8631 84536 9.7945 4358948 8148336062 1869.3354 161600 6.0939  0 19447852 484519 0.0878 7.5000 1.1082 12.1972 3.3724 
147 8607 84536 9.8218 4367555 8148420598 1865.6710 161602 6.0656  0 19447852 484519 0.0882 7.4854 1.1032 12.1944 3.3863 
148 8594 84536 9.8366 4376149 8148505134 1862.0264 161604 6.0748  0 19447852 484519 0.0883 7.4709 1.1016 12.1915 3.3914 
149 8630 84536 9.7956 4384779 8148589670 1858.3809 161606 6.0723  0 19447852 484519 0.0879 7.4564 1.1623 12.1888 3.3772 
150 8643 84536 9.7809 4393422 8148674206 1854.7443 161608 6.0856  0 19447852 484519 0.0877 7.4419 1.0587 12.1859 3.3677 
151 8614 84536 9.8138 4402036 8148758742 1851.1340 161610 6.0666  0 19447852 484519 0.0881 7.4275 1.1553 12.1832 3.3835 
152 8609 84536 9.8195 4410645 8148843278 1847.5402 161612 6.0751  0 19447852 484519 0.0882 7.4132 1.1588 12.1805 3.3855 
153 8638 84536 9.7865 4419283 8148927814 1843.9480 161614 6.0726  0 19447852 484519 0.0879 7.3988 1.1786 12.1778 3.3741 
154 8628 84536 9.7979 4427911 8149012350 1840.3740 161616 6.0940  0 19447852 484519 0.0879 7.3846 1.1050 12.1750 3.3736 
155 8644 84536 9.7797 4436555 8149096886 1836.8074 161618 6.0471  0 19447852 484519 0.0878 7.3704 1.1786 12.1724 3.3718 
156 8647 84536 9.7763 4445202 8149181422 1833.2533 161620 6.0600  0 19447852 484519 0.0878 7.3562 1.1228 12.1696 3.3706 
157 8621 84536 9.8058 4453823 8149265958 1829.7238 161622 6.0843  0 19447852 484519 0.0880 7.3421 1.1677 12.1669 3.3808 
158 8701 84536 9.7157 4462524 8149350494 1826.1752 161624 6.0945  0 19447852 484519 0.0871 7.3280 1.1098 12.1641 3.3453 
159 8601 84536 9.8286 4471125 8149435030 1822.6810 161626 6.0660  0 19447852 484519 0.0882 7.3141 1.1804 12.1615 3.3886 
160 8611 84536 9.8172 4479736 8149519566 1819.1963 161628 6.0747  0 19447852 484519 0.0881 7.3002 1.1822 12.1589 3.3847 
161 8610 84536 9.8184 4488346 8149604102 1815.7255 161630 6.0839  0 19447852 484519 0.0882 7.2863 1.1431 12.1561 3.3851 
162 8652 84536 9.7707 4496998 8149688638 1812.2510 161632 6.0855  0 19447852 484519 0.0876 7.2725 1.1246 12.1534 3.3642 
163 8648 84536 9.7752 4505646 8149773174 1808.7913 161634 6.0483  0 19447852 484519 0.0878 7.2587 1.1261 12.1506 3.3702 
164 8595 84536 9.8355 4514241 8149857710 1805.3661 161636 6.0746  0 19447852 484519 0.0883 7.2450 1.1244 12.1479 3.3910 
165 8596 84536 9.8343 4522837 8149942246 1801.9536 161638 6.0840  0 19447852 484519 0.0883 7.2314 1.1623 12.1452 3.3906 
166 8608 84536 9.8206 4531445 8150026782 1798.5492 161640 6.0938  0 19447852 484519 0.0881 7.2179 1.1590 12.1425 3.3814 
167 8610 84536 9.8184 4540055 8150111318 1795.1570 161642 6.0654  0 19447852 484519 0.0882 7.2044 1.1145 12.1397 3.3851 
168 8645 84536 9.7786 4548700 8150195854 1791.7638 161644 6.0611  0 19447852 484519 0.0878 7.1908 1.1113 12.1369 3.3714 
169 8596 84536 9.8343 4557296 8150280390 1788.4026 161646 6.0836  0 19447852 484519 0.0883 7.1774 1.1328 12.1342 3.3906 
170 8628 84536 9.7979 4565924 8150364926 1785.0416 161648 6.0940  0 19447852 484519 0.0879 7.1640 1.1050 12.1314 3.3736 
171 8610 84536 9.8184 4574534 8150449462 1781.7006 161650 6.0648  0 19447852 484519 0.0882 7.1507 1.1786 12.1288 3.3851 
172 8608 84536 9.8206 4583142 8150533998 1778.3726 161652 6.0752  0 19447852 484519 0.0882 7.1375 1.1064 12.1260 3.3859 
173 8600 84536 9.8298 4591742 8150618534 1775.0602 161654 6.0840  0 19447852 484519 0.0883 7.1243 1.1211 12.1232 3.3890 
174 8635 84536 9.7899 4600377 8150703070 1771.7468 161656 6.0852  0 19447852 484519 0.0878 7.1110 1.1098 12.1204 3.3708 
175 8588 84536 9.8435 4608965 8150787606 1768.4637 161658 6.0655  0 19447852 484519 0.0884 7.0980 1.1483 12.1178 3.3938 
176 8609 84536 9.8195 4617574 8150872142 1765.1849 161660 6.0749  0 19447852 484519 0.0882 7.0849 1.1345 12.1150 3.3855 
177 8613 84536 9.8149 4626187 8150956678 1761.9167 161662 6.0838  0 19447852 484519 0.0881 7.0719 1.1500 12.1124 3.3839 
178 8636 84536 9.7888 4634823 8151041214 1758.6521 161664 6.0941  0 19447852 484519 0.0878 7.0588 1.0782 12.1095 3.3704 
179 8614 84536 9.8138 4643437 8151125750 1755.4078 161666 6.0660  0 19447852 484519 0.0881 7.0459 1.1261 12.1067 3.3835 
180 8595 84536 9.8355 4652032 8151210286 1752.1829 161668 6.0762  0 19447852 484519 0.0883 7.0331 1.0968 12.1039 3.3910 
181 8630 84536 9.7956 4660662 8151294822 1748.9564 161670 6.0723  0 19447852 484519 0.0879 7.0202 1.1623 12.1013 3.3772 
182 8631 84536 9.7945 4669293 8151379358 1745.7417 161672 6.0939  0 19447852 484519 0.0878 7.0074 1.1263 12.0986 3.3724 
183 8611 84536 9.8172 4677904 8151463894 1742.5463 161674 6.0679  0 19447852 484519 0.0881 6.9947 1.1096 12.0958 3.3847 
184 8611 84536 9.8172 4686515 8151548430 1739.3625 161676 6.0743  0 19447852 484519 0.0881 6.9820 1.1731 12.0932 3.3847 
185 8604 84536 9.8252 4695119 8151632966 1736.1930 161678 6.0842  0 19447852 484519 0.0882 6.9693 1.1786 12.0906 3.3874 
186 8624 84536 9.8024 4703743 8151717502 1733.0278 161680 6.0937  0 19447852 484519 0.0879 6.9567 1.0470 12.0876 3.3751 
187 8699 84536 9.7179 4712442 8151802038 1729.8466 161682 6.0508  0 19447852 484519 0.0873 6.9440 1.1145 12.0848 3.3505 
188 8714 84536 9.7012 4721156 8151886574 1726.6716 161684 6.0767  0 19447852 484519 0.0871 6.9314 1.1953 12.0823 3.3447 
189 8748 84536 9.6635 4729904 8151971110 1723.4961 161686 6.0875  0 19447852 484519 0.0868 6.9187 1.1000 12.0795 3.3317 
190 8753 84536 9.6579 4738657 8152055646 1720.3304 161688 6.0963  0 19447852 484519 0.0866 6.9061 1.1050 12.0767 3.3254 
191 8718 84536 9.6967 4747375 8152140182 1717.1891 161690 6.0682  0 19447852 484519 0.0871 6.8936 1.1311 12.0740 3.3432 
192 8728 84536 9.6856 4756103 8152224718 1714.0555 161692 6.0768  0 19447852 484519 0.0870 6.8811 1.1311 12.0713 3.3393 
193 8685 84536 9.7336 4764788 8152309254 1710.9490 161694 6.0857  0 19447852 484519 0.0874 6.8687 1.1414 12.0686 3.3559 
194 8657 84536 9.7650 4773445 8152393790 1707.8638 161696 6.0853  0 19447852 484519 0.0876 6.8564 1.0938 12.0658 3.3623 
195 8614 84536 9.8138 4782059 8152478326 1704.8051 161698 6.0657  0 19447852 484519 0.0881 6.8442 1.1517 12.0632 3.3835 
196 8595 84536 9.8355 4790654 8152562862 1701.7640 161700 6.0762  0 19447852 484519 0.0883 6.8321 1.0968 12.0604 3.3910 
197 8601 84536 9.8286 4799255 8152647398 1698.7318 161702 6.0839  0 19447852 484519 0.0882 6.8200 1.1972 12.0578 3.3886 
198 8631 84536 9.7945 4807886 8152731934 1695.7000 161704 6.0939  0 19447852 484519 0.0878 6.8079 1.1131 12.0551 3.3724 
199 8618 84536 9.8092 4816504 8152816470 1692.6835 161706 6.0658  0 19447852 484519 0.0881 6.7959 1.1517 12.0524 3.3819 
200 8645 84536 9.7786 4825149 8152901006 1689.6682 161708 6.0600  0 19447852 484519 0.0878 6.7839 1.1878 12.0499 3.3714 
201 8638 84536 9.7865 4833787 8152985542 1686.6663 161710 6.0849  0 19447852 484519 0.0879 6.7719 1.1786 12.0473 3.3741 
202 8628 84536 9.7979 4842415 8153070078 1683.6785 161712 6.0940  0 19447852 484519 0.0879 6.7600 1.1050 12.0445 3.3736 
203 8598 84536 9.8321 4851013 8153154614 1680.7118 161714 6.0654  0 19447852 484519 0.0883 6.7482 1.1113 12.0418 3.3898 
204 8611 84536 9.8172 4859624 8153239150 1677.7510 161716 6.0749  0 19447852 484519 0.0881 6.7364 1.0720 12.0389 3.3847 
205 8618 84536 9.8092 4868242 8153323686 1674.7983 161718 6.0844  0 19447852 484519 0.0881 6.7246 1.1211 12.0362 3.3819 
206 8626 84536 9.8001 4876868 8153408222 1671.8533 161720 6.0849  0 19447852 484519 0.0879 6.7129 1.1450 12.0336 3.3744 
207 8624 84536 9.8024 4885492 8153492758 1668.9196 161722 6.0657  0 19447852 484519 0.0880 6.7012 1.1822 12.0310 3.3796 
208 8611 84536 9.8172 4894103 8153577294 1666.0004 161724 6.0743  0 19447852 484519 0.0881 6.6895 1.1517 12.0284 3.3847 
209 8610 84536 9.8184 4902713 8153661830 1663.0918 161726 6.0839  0 19447852 484519 0.0882 6.6779 1.1431 12.0257 3.3851 
210 8640 84536 9.7843 4911353 8153746366 1660.1833 161728 6.0942  0 19447852 484519 0.0877 6.6663 1.0542 12.0228 3.3689 
211 8614 84536 9.8138 4919967 8153830902 1657.2938 161730 6.0657  0 19447852 484519 0.0881 6.6548 1.1517 12.0202 3.3835 
212 8591 84536 9.8401 4928558 8153915438 1654.4221 161732 6.0757  0 19447852 484519 0.0883 6.6434 1.0968 12.0174 3.3926 
213 8663 84536 9.7583 4937221 8153999974 1651.5364 161734 6.0730  0 19447852 484519 0.0876 6.6319 1.1328 12.0148 3.3644 
214 8633 84536 9.7922 4945854 8154084510 1648.6707 161736 6.0941  0 19447852 484519 0.0878 6.6205 1.0587 12.0119 3.3716 
215 8614 84536 9.8138 4954468 8154169046 1645.8213 161738 6.0666  0 19447852 484519 0.0881 6.6091 1.1553 12.0093 3.3835 
216 8611 84536 9.8172 4963079 8154253582 1642.9829 161740 6.0747  0 19447852 484519 0.0881 6.5978 1.1878 12.0067 3.3847 
217 8604 84536 9.8252 4971683 8154338118 1640.1565 161742 6.0840  0 19447852 484519 0.0882 6.5865 1.1553 12.0041 3.3874 
218 8628 84536 9.7979 4980311 8154422654 1637.3320 161744 6.0940  0 19447852 484519 0.0879 6.5753 1.1050 12.0014 3.3736 
219 8660 84536 9.7617 4988971 8154507190 1634.5068 161746 6.0510  0 19447852 484519 0.0876 6.5640 1.1064 11.9986 3.3655 
220 8613 84536 9.8149 4997584 8154591726 1631.7068 161748 6.0746  0 19447852 484519 0.0881 6.5528 1.1228 11.9959 3.3839 
221 8618 84536 9.8092 5006202 8154676262 1628.9148 161750 6.0844  0 19447852 484519 0.0881 6.5417 1.1211 11.9932 3.3819 
222 8642 84536 9.7820 5014844 8154760798 1626.1245 161752 6.0939  0 19447852 484519 0.0877 6.5306 1.1098 11.9905 3.3681 
223 8587 84536 9.8446 5023431 8154845334 1623.3617 161754 6.0657  0 19447852 484519 0.0884 6.5196 1.0890 11.9877 3.3942 
224 8591 84536 9.8401 5032022 8154929870 1620.6069 161756 6.0749  0 19447852 484519 0.0883 6.5086 1.1659 11.9852 3.3926 
225 8610 84536 9.8184 5040632 8155014406 1617.8556 161758 6.0839  0 19447852 484519 0.0882 6.4976 1.1431 11.9825 3.3851 
226 8652 84536 9.7707 5049284 8155098942 1615.1001 161760 6.0855  0 19447852 484519 0.0876 6.4866 1.1246 11.9799 3.3642 
227 8607 84536 9.8218 5057891 8155183478 1612.3684 161762 6.0656  0 19447852 484519 0.0882 6.4758 1.1032 11.9771 3.3863 
228 8594 84536 9.8366 5066485 8155268014 1609.6501 161764 6.0748  0 19447852 484519 0.0883 6.4649 1.1016 11.9744 3.3914 
229 8596 84536 9.8343 5075081 8155352550 1606.9404 161766 6.0840  0 19447852 484519 0.0883 6.4541 1.1623 11.9718 3.3906 
230 8631 84536 9.7945 5083712 8155437086 1604.2288 161768 6.0939  0 19447852 484519 0.0878 6.4433 1.1131 11.9691 3.3724 
231 8614 84536 9.8138 5092326 8155521622 1601.5317 161770 6.0666  0 19447852 484519 0.0881 6.4326 1.1553 11.9665 3.3835 
232 8643 84536 9.7809 5100969 8155606158 1598.8347 161772 6.0604  0 19447852 484519 0.0878 6.4218 1.1588 11.9639 3.3722 
233 8596 84536 9.8343 5109565 8155690694 1596.1614 161774 6.0836  0 19447852 484519 0.0883 6.4112 1.1328 11.9613 3.3906 
234 8618 84536 9.8092 5118183 8155775230 1593.4904 161776 6.0939  0 19447852 484519 0.0880 6.4005 1.1626 11.9587 3.3775 
235 8610 84536 9.8184 5126793 8155859766 1590.8308 161778 6.0648  0 19447852 484519 0.0882 6.3899 1.1786 11.9562 3.3851 
236 8630 84536 9.7956 5135423 8155944302 1588.1738 161780 6.0751  0 19447852 484519 0.0879 6.3793 1.1379 11.9535 3.3772 
237 8734 84536 9.6790 5144157 8156028838 1585.4938 161782 6.0868  0 19447852 484519 0.0869 6.3686 1.1553 11.9509 3.3370 
238 8763 84536 9.6469 5152920 8156113374 1582.8138 161784 6.0875  0 19447852 484519 0.0865 6.3580 1.1050 11.9482 3.3216 
239 8720 84536 9.6945 5161640 8156197910 1580.1562 161786 6.0685  0 19447852 484519 0.0870 6.3474 1.1244 11.9456 3.3424 
240 8728 84536 9.6856 5170368 8156282446 1577.5052 161788 6.0768  0 19447852 484519 0.0870 6.3368 1.1311 11.9429 3.3393 
241 8717 84536 9.6978 5179085 8156366982 1574.8663 161790 6.0869  0 19447852 484519 0.0871 6.3263 1.1295 11.9403 3.3435 
242 8732 84536 9.6812 5187817 8156451518 1572.2319 161792 6.0957  0 19447852 484519 0.0868 6.3158 1.1416 11.9377 3.3334 
243 8614 84536 9.8138 5196431 8156536054 1569.6418 161794 6.0660  0 19447852 484519 0.0881 6.3054 1.1261 11.9350 3.3835 
244 8595 84536 9.8355 5205026 8156620590 1567.0663 161796 6.0746  0 19447852 484519 0.0883 6.2952 1.1244 11.9323 3.3910 
245 8630 84536 9.7956 5213656 8156705126 1564.4885 161798 6.0723  0 19447852 484519 0.0879 6.2849 1.1623 11.9298 3.3772 
246 8631 84536 9.7945 5222287 8156789662 1561.9191 161800 6.0939  0 19447852 484519 0.0878 6.2747 1.1263 11.9271 3.3724 
247 8610 84536 9.8184 5230897 8156874198 1559.3644 161802 6.0654  0 19447852 484519 0.0882 6.2645 1.1145 11.9245 3.3851 
248 8611 84536 9.8172 5239508 8156958734 1556.8176 161804 6.0757  0 19447852 484519 0.0881 6.2543 1.1113 11.9218 3.3847 
249 8604 84536 9.8252 5248112 8157043270 1554.2815 161806 6.0842  0 19447852 484519 0.0882 6.2442 1.1786 11.9193 3.3874 
250 8628 84536 9.7979 5256740 8157127806 1551.7465 161808 6.0940  0 19447852 484519 0.0879 6.2341 1.1050 11.9166 3.3736 
251 8644 84536 9.7797 5265384 8157212342 1549.2151 161810 6.0471  0 19447852 484519 0.0878 6.2240 1.1786 11.9140 3.3718 
252 8611 84536 9.8172 5273995 8157296878 1546.7017 161812 6.0741  0 19447852 484519 0.0881 6.2140 1.1695 11.9115 3.3847 
253 8600 84536 9.8298 5282595 8157381414 1544.1997 161814 6.0840  0 19447852 484519 0.0883 6.2040 1.1211 11.9089 3.3890 
254 8642 84536 9.7820 5291237 8157465950 1541.6936 161816 6.0939  0 19447852 484519 0.0877 6.1940 1.1098 11.9062 3.3681 
255 8590 84536 9.8412 5299827 8157550486 1539.2107 161818 6.0655  0 19447852 484519 0.0884 6.1842 1.1261 11.9035 3.3930 
256 8608 84536 9.8206 5308435 8157635022 1536.7307 161820 6.0746  0 19447852 484519 0.0882 6.1743 1.1623 11.9010 3.3859 
257 8613 84536 9.8149 5317048 8157719558 1534.2573 161822 6.0838  0 19447852 484519 0.0881 6.1644 1.1500 11.8984 3.3839 
258 8652 84536 9.7707 5325700 8157804094 1531.7806 161824 6.0855  0 19447852 484519 0.0876 6.1545 1.1246 11.8958 3.3642 
259 8614 84536 9.8138 5334314 8157888630 1529.3229 161826 6.0660  0 19447852 484519 0.0881 6.1447 1.1261 11.8931 3.3835 
260 8591 84536 9.8401 5342905 8157973166 1526.8796 161828 6.0757  0 19447852 484519 0.0883 6.1350 1.0968 11.8904 3.3926 
261 8601 84536 9.8286 5351506 8158057702 1524.4414 161830 6.0847  0 19447852 484519 0.0882 6.1253 1.1261 11.8878 3.3886 
262 8632 84536 9.7933 5360138 8158142238 1522.0023 161832 6.0938  0 19447852 484519 0.0878 6.1156 1.1330 11.8852 3.3720 
263 8618 84536 9.8092 5368756 8158226774 1519.5750 161834 6.0658  0 19447852 484519 0.0881 6.1059 1.1517 11.8826 3.3819 
264 8645 84536 9.7786 5377401 8158311310 1517.1477 161836 6.0597  0 19447852 484519 0.0878 6.0962 1.1731 11.8801 3.3714 
265 8596 84536 9.8343 5385997 8158395846 1514.7421 161838 6.0836  0 19447852 484519 0.0883 6.0866 1.1328 11.8775 3.3906 
266 8628 84536 9.7979 5394625 8158480382 1512.3351 161840 6.0940  0 19447852 484519 0.0879 6.0770 1.1050 11.8748 3.3736 
267 8605 84536 9.8241 5403230 8158564918 1509.9421 161842 6.0656  0 19447852 484519 0.0882 6.0675 1.1517 11.8723 3.3871 
268 8608 84536 9.8206 5411838 8158649454 1507.5562 161844 6.0746  0 19447852 484519 0.0882 6.0580 1.1195 11.8696 3.3859 
269 8618 84536 9.8092 5420456 8158733990 1505.1748 161846 6.0844  0 19447852 484519 0.0881 6.0485 1.1211 11.8670 3.3819 
270 8635 84536 9.7899 5429091 8158818526 1502.7964 161848 6.0852  0 19447852 484519 0.0878 6.0390 1.1098 11.8643 3.3708 
271 8588 84536 9.8435 5437679 8158903062 1500.4386 161850 6.0655  0 19447852 484519 0.0884 6.0296 1.1483 11.8618 3.3938 
272 8591 84536 9.8401 5446270 8158987598 1498.0873 161852 6.0753  0 19447852 484519 0.0883 6.0202 1.1379 11.8592 3.3926 
273 8610 84536 9.8184 5454880 8159072134 1495.7382 161854 6.0839  0 19447852 484519 0.0882 6.0109 1.1431 11.8566 3.3851 
274 8636 84536 9.7888 5463516 8159156670 1493.3894 161856 6.0941  0 19447852 484519 0.0878 6.0015 1.1555 11.8541 3.3704 
275 8614 84536 9.8138 5472130 8159241206 1491.0540 161858 6.0657  0 19447852 484519 0.0881 5.9922 1.1517 11.8515 3.3835 
276 8595 84536 9.8355 5480725 8159325742 1488.7311 161860 6.0762  0 19447852 484519 0.0883 5.9829 1.0968 11.8488 3.3910 
277 8635 84536 9.7899 5489360 8159410278 1486.4047 161862 6.0724  0 19447852 484519 0.0879 5.9737 1.1972 11.8464 3.3753 
278 8631 84536 9.7945 5497991 8159494814 1484.0865 161864 6.0939  0 19447852 484519 0.0878 5.9644 1.1263 11.8438 3.3724 
279 8618 84536 9.8092 5506609 8159579350 1481.7793 161866 6.0658  0 19447852 484519 0.0881 5.9552 1.1517 11.8413 3.3819 
280 8609 84536 9.8195 5515218 8159663886 1479.4817 161868 6.0751  0 19447852 484519 0.0882 5.9461 1.1588 11.8387 3.3855 
281 8604 84536 9.8252 5523822 8159748422 1477.1925 161870 6.0842  0 19447852 484519 0.0882 5.9370 1.1786 11.8362 3.3874 
282 8618 84536 9.8092 5532440 8159832958 1474.9067 161872 6.0939  0 19447852 484519 0.0880 5.9278 1.2167 11.8339 3.3775 
283 8632 84536 9.7933 5541072 8159917494 1472.6244 161874 6.0474  0 19447852 484519 0.0879 5.9187 1.1786 11.8314 3.3765 
284 8613 84536 9.8149 5549685 8160002030 1470.3541 161876 6.0762  0 19447852 484519 0.0881 5.9097 1.1178 11.8288 3.3839 
285 8600 84536 9.8298 5558285 8160086566 1468.0944 161878 6.0840  0 19447852 484519 0.0883 5.9007 1.1211 11.8261 3.3890 
286 8642 84536 9.7820 5566927 8160171102 1465.8304 161880 6.0939  0 19447852 484519 0.0877 5.8917 1.1098 11.8235 3.3681 
287 8590 84536 9.8412 5575517 8160255638 1463.5873 161882 6.0647  0 19447852 484519 0.0884 5.8827 1.1311 11.8209 3.3930 
288 8642 84536 9.7820 5584159 8160340174 1461.3373 161884 6.0764  0 19447852 484519 0.0878 5.8738 1.1162 11.8183 3.3726 
289 8717 84536 9.6978 5592876 8160424710 1459.0750 161886 6.0869  0 19447852 484519 0.0871 5.8647 1.1295 11.8157 3.3435 
290 8604 8585984 997.9061 5601480 8169010694 1458.3665 162142 39.6567  0 19452227 484519 0.4147 5.8564 1.4278 11.8064 36.2756 
291 1674 21500 12.8435 5603154 8169032194 1457.9346 162162 1.5625  0 19452227 484519 0.1314 5.8547 1.2941 11.8057 9.1756 
292 22685 559580 24.6674 5625839 8169591774 1452.1553 162164 16.1791  0 19452227 484519 0.1277 5.8316 1.2126 11.7966 5.4828 
293 42400 10219520 241.0264 5668239 8179811294 1443.0957 162180 24.7786  0 19452227 484519 1.4212 5.7986 4.8837 11.7661 55.5423 
294 383 17408 45.4517 5668622 8179828702 1443.0012 162724 10.1902  0 19452227 484519 4.2611 5.7985 10.4615 11.7660 163.6261 
295 152637 620841488 4067.4375 5821259 8800670190 1511.8156 180132 42.6959  0 19499786 484519 9.9748 5.9080 10.5601 11.7068 383.1150 
296 113768 190341120 1673.0637 5935027 8991011310 1514.9065 180452 47.0748  0 21853813 486255 9.3608 5.9742 9.6638 11.6330 359.4549 
297 79431 48665600 612.6777 6014458 9039676910 1502.9911 181732 90.9089  0 22614807 486689 9.5429 6.0213 9.9852 11.5929 366.4463 
298 52981 122757120 2317.0027 6067439 9162434030 1510.0990 184292 89.7094  0 23458898 486689 8.6975 6.0447 9.6048 11.5629 333.9824 
299 1966 1075000 546.7955 6069405 9163509030 1509.7870 185292 18.8981  0 23459659 486689 4.1607 6.0440 8.5031 11.5619 170.3194 
300 22846 8977800 392.9703 6092251 9172486830 1505.5990 185392 10.2948  0 23470882 486689 1.8968 6.0285 6.0372 11.5495 93.8149 
301 25569 52658176 2059.4539 6117820 9225145006 1507.9138 185904 45.3557  0 23795486 486689 10.8131 6.0485 11.3484 11.5479 415.2228 
302 328 4608 14.0488 6118148 9225149614 1507.8336 186048 2.7961  0 23795486 486689 1.3171 6.0482 3.6610 11.5476 50.5756 
303 156249 596364688 3816.7583 6274397 9821514302 1565.3320 195264 42.7664  0 23932452 486689 14.7774 6.2656 16.1616 11.7446 569.0447 
304 90210 134144000 1487.0192 6364607 9955658302 1564.2220 196064 68.5986  0 25459283 486689 6.2805 6.2658 8.4531 11.6800 245.4603 
305 14224 33190400 2333.4082 6378831 9988848702 1565.9371 199264 88.5853  0 25459711 486689 18.0362 6.2921 21.1917 11.7136 692.5903 
306 12689 35758080 2818.0376 6391520 10024606782 1568.4230 199776 67.1284  0 25459711 486689 10.0875 6.2996 13.3640 11.7182 387.3591 
307 120370 127883520 1062.4202 6511890 10152490302 1559.0696 199808 6.2470  0 25465978 486689 2.0680 6.2214 3.7697 11.5683 179.4556 
308 2201 3010560 1367.8146 6514091 10155500862 1559.0050 200064 19.1423  0 25465978 486689 15.5275 6.2245 19.9161 11.5724 596.2555 
309 166743 5561344 33.3528 6680834 10161062206 1520.9271 200320 5.1270  0 25465978 486689 0.8644 6.0908 1.8654 11.3629 33.1919 
310 8789 84536 9.6184 6689623 10161146742 1518.9417 200322 6.0880  0 25465978 486689 0.0862 6.0829 1.0891 11.3609 3.3118 
311 8697 84536 9.7201 6698320 10161231278 1516.9821 200324 6.0672  0 25465978 486689 0.0873 6.0751 1.1749 11.3591 3.3512 
312 8718 84536 9.6967 6707038 10161315814 1515.0228 200326 6.0774  0 25465978 486689 0.0871 6.0673 1.1396 11.3572 3.3432 
313 8737 84536 9.6756 6715775 10161400350 1513.0645 200328 6.0864  0 25465978 486689 0.0869 6.0595 1.0797 11.3552 3.3359 
314 8749 84536 9.6624 6724524 10161484886 1511.1084 200330 6.0962  0 25465978 486689 0.0866 6.0517 1.1098 11.3532 3.3269 
315 8694 84536 9.7235 6733218 10161569422 1509.1699 200332 6.0696  0 25465978 486689 0.0873 6.0440 1.0952 11.3513 3.3524 
316 8636 84536 9.7888 6741854 10161653958 1507.2491 200334 6.0598  0 25465978 486689 0.0879 6.0364 1.1659 11.3494 3.3749 
317 8596 84536 9.8343 6750450 10161738494 1505.3424 200336 6.0836  0 25465978 486689 0.0883 6.0288 1.1228 11.3475 3.3906 
318 8624 84536 9.8024 6759074 10161823030 1503.4342 200338 6.0940  0 25465978 486689 0.0879 6.0213 1.1033 11.3455 3.3751 
319 8607 84536 9.8218 6767681 10161907566 1501.5347 200340 6.0659  0 25465978 486689 0.0882 6.0137 1.1261 11.3436 3.3863 
320 8597 84536 9.8332 6776278 10161992102 1499.6421 200342 6.0743  0 25465978 486689 0.0883 6.0062 1.1623 11.3417 3.3902 
321 8625 84536 9.8013 6784903 10162076638 1497.7483 200344 6.0845  0 25465978 486689 0.0880 5.9987 1.1048 11.3398 3.3792 
322 8631 84536 9.7945 6793534 10162161174 1495.8579 200346 6.0850  0 25465978 486689 0.0878 5.9912 1.1825 11.3380 3.3724 
323 8608 84536 9.8206 6802142 10162245710 1493.9773 200348 6.0662  0 25465978 486689 0.0882 5.9837 1.1659 11.3361 3.3859 
324 8609 84536 9.8195 6810751 10162330246 1492.1013 200350 6.0747  0 25465978 486689 0.0882 5.9762 1.1195 11.3342 3.3855 
325 8599 84536 9.8309 6819350 10162414782 1490.2322 200352 6.0841  0 25465978 486689 0.0883 5.9688 1.1804 11.3324 3.3894 
326 8621 84536 9.8058 6827971 10162499318 1488.3630 200354 6.0940  0 25465978 486689 0.0879 5.9614 1.1246 11.3305 3.3763 
327 8593 84536 9.8378 6836564 10162583854 1486.5045 200356 6.0650  0 25465978 486689 0.0883 5.9540 1.1362 11.3286 3.3918 
328 8597 84536 9.8332 6845161 10162668390 1484.6500 200358 6.0744  0 25465978 486689 0.0883 5.9466 1.1749 11.3267 3.3902 
329 8644 84536 9.7797 6853805 10162752926 1482.7898 200360 6.0726  0 25465978 486689 0.0878 5.9393 1.1295 11.3248 3.3718 
330 8629 84536 9.7967 6862434 10162837462 1480.9377 200362 6.0850  0 25465978 486689 0.0878 5.9319 1.1131 11.3229 3.3732 
331 8611 84536 9.8172 6871045 10162921998 1479.0941 200364 6.0679  0 25465978 486689 0.0881 5.9246 1.1113 11.3210 3.3847 
332 8611 84536 9.8172 6879656 10163006534 1477.2550 200366 6.0747  0 25465978 486689 0.0881 5.9173 1.1804 11.3191 3.3847 
333 8627 84536 9.7990 6888283 10163091070 1475.4172 200368 6.0720  0 25465978 486689 0.0880 5.9100 1.0921 11.3172 3.3784 
334 8626 84536 9.8001 6896909 10163175606 1473.5841 200370 6.0938  0 25465978 486689 0.0879 5.9027 1.1280 11.3153 3.3744 
335 8645 84536 9.7786 6905554 10163260142 1471.7516 200372 6.0477  0 25465978 486689 0.0878 5.8954 1.1713 11.3134 3.3714 
336 8645 84536 9.7786 6914199 10163344678 1469.9236 200374 6.0597  0 25465978 486689 0.0878 5.8881 1.1379 11.3116 3.3714 
337 8624 84536 9.8024 6922823 10163429214 1468.1047 200376 6.0845  0 25465978 486689 0.0880 5.8809 1.1048 11.3096 3.3796 
338 8693 84536 9.7246 6931516 10163513750 1466.2756 200378 6.0946  0 25465978 486689 0.0872 5.8737 1.0922 11.3076 3.3483 
339 8594 84536 9.8366 6940110 10163598286 1464.4722 200380 6.0664  0 25465978 486689 0.0883 5.8665 1.1178 11.3057 3.3914 
340 8611 84536 9.8172 6948721 10163682822 1462.6697 200382 6.0747  0 25465978 486689 0.0881 5.8593 1.1786 11.3039 3.3847 
341 8613 84536 9.8149 6957334 10163767358 1460.8710 200384 6.0840  0 25465978 486689 0.0881 5.8522 1.1695 11.3021 3.3839 
342 8657 84536 9.7650 6965991 10163851894 1459.0676 200386 6.0853  0 25465978 486689 0.0876 5.8450 1.1066 11.3001 3.3623 
343 8611 84536 9.8172 6974602 10163936430 1457.2783 200388 6.0668  0 25465978 486689 0.0881 5.8379 1.1195 11.2982 3.3847 
344 8595 84536 9.8355 6983197 10164020966 1455.4968 200390 6.0748  0 25465978 486689 0.0883 5.8308 1.0952 11.2963 3.3910 
345 8608 84536 9.8206 6991805 10164105502 1453.7169 200392 6.0840  0 25465978 486689 0.0882 5.8238 1.1588 11.2944 3.3859 
346 8636 84536 9.7888 7000441 10164190038 1451.9357 200394 6.0939  0 25465978 486689 0.0878 5.8167 1.0954 11.2925 3.3704 
347 8614 84536 9.8138 7009055 10164274574 1450.1633 200396 6.0663  0 25465978 486689 0.0881 5.8096 1.1195 11.2906 3.3835 
348 8645 84536 9.7786 7017700 10164359110 1448.3889 200398 6.0597  0 25465978 486689 0.0878 5.8026 1.1641 11.2887 3.3714 
349 8596 84536 9.8343 7026296 10164443646 1446.6289 200400 6.0839  0 25465978 486689 0.0883 5.7956 1.1032 11.2868 3.3906 
350 8609 84536 9.8195 7034905 10164528182 1444.8707 200402 6.0935  0 25465978 486689 0.0880 5.7886 1.1994 11.2850 3.3810 
351 8605 84536 9.8241 7043510 10164612718 1443.1176 200404 6.0677  0 25465978 486689 0.0882 5.7817 1.1465 11.2832 3.3871 
352 8711 84536 9.7045 7052221 10164697254 1441.3469 200406 6.0786  0 25465978 486689 0.0871 5.7746 1.1016 11.2812 3.3458 
353 8743 84536 9.6690 7060964 10164781790 1439.5742 200408 6.0871  0 25465978 486689 0.0868 5.7676 1.1328 11.2793 3.3336 
354 8767 84536 9.6425 7069731 10164866326 1437.8009 200410 6.0873  0 25465978 486689 0.0865 5.7605 1.1502 11.2775 3.3201 
355 8720 84536 9.6945 7078451 10164950862 1436.0417 200412 6.0685  0 25465978 486689 0.0870 5.7535 1.1244 11.2756 3.3424 
356 8728 84536 9.6856 7087179 10165035398 1434.2850 200414 6.0787  0 25465978 486689 0.0870 5.7466 1.1261 11.2737 3.3393 
357 8717 84536 9.6978 7095896 10165119934 1432.5350 200416 6.0869  0 25465978 486689 0.0871 5.7396 1.1295 11.2718 3.3435 
358 8666 84536 9.7549 7104562 10165204470 1430.7996 200418 6.0948  0 25465978 486689 0.0875 5.7327 1.1662 11.2700 3.3588 
359 8610 84536 9.8184 7113172 10165289006 1429.0796 200420 6.0665  0 25465978 486689 0.0882 5.7259 1.1535 11.2681 3.3851 
360 8595 84536 9.8355 7121767 10165373542 1427.3668 200422 6.0762  0 25465978 486689 0.0883 5.7191 1.0968 11.2662 3.3910 
361 8635 84536 9.7899 7130402 10165458078 1425.6500 200424 6.0730  0 25465978 486689 0.0879 5.7123 1.1261 11.2643 3.3753 
362 8619 84536 9.8081 7139021 10165542614 1423.9408 200426 6.0939  0 25465978 486689 0.0879 5.7055 1.1381 11.2624 3.3771 
363 8614 84536 9.8138 7147635 10165627150 1422.2365 200428 6.0666  0 25465978 486689 0.0881 5.6987 1.1553 11.2606 3.3835 
364 8611 84536 9.8172 7156246 10165711686 1420.5370 200430 6.0757  0 25465978 486689 0.0881 5.6920 1.1113 11.2587 3.3847 
365 8601 84536 9.8286 7164847 10165796222 1418.8434 200432 6.0839  0 25465978 486689 0.0882 5.6852 1.2029 11.2569 3.3886 
366 8618 84536 9.8092 7173465 10165880758 1417.1506 200434 6.0939  0 25465978 486689 0.0880 5.6785 1.2167 11.2552 3.3775 
367 8635 84536 9.7899 7182100 10165965294 1415.4585 200436 6.0485  0 25465978 486689 0.0879 5.6718 1.1641 11.2534 3.3753 
368 8613 84536 9.8149 7190713 10166049830 1413.7749 200438 6.0762  0 25465978 486689 0.0881 5.6651 1.1178 11.2515 3.3839 
369 8600 84536 9.8298 7199313 10166134366 1412.0979 200440 6.0843  0 25465978 486689 0.0883 5.6584 1.1261 11.2496 3.3890 
370 8609 84536 9.8195 7207922 10166218902 1410.4230 200442 6.0935  0 25465978 486689 0.0880 5.6518 1.1862 11.2478 3.3810 
371 8587 84536 9.8446 7216509 10166303438 1408.7565 200444 6.0679  0 25465978 486689 0.0884 5.6452 1.1261 11.2459 3.3942 
372 8611 84536 9.8172 7225120 10166387974 1407.0891 200446 6.0747  0 25465978 486689 0.0881 5.6385 1.1822 11.2442 3.3847 
373 8611 84536 9.8172 7233731 10166472510 1405.4259 200448 6.0841  0 25465978 486689 0.0881 5.6319 1.2105 11.2424 3.3847 
374 8648 84536 9.7752 7242379 10166557046 1403.7593 200450 6.0854  0 25465978 486689 0.0877 5.6253 1.1347 11.2406 3.3658 
375 8614 84536 9.8138 7250993 10166641582 1402.1034 200452 6.0660  0 25465978 486689 0.0881 5.6187 1.1261 11.2387 3.3835 
376 8595 84536 9.8355 7259588 10166726118 1400.4550 200454 6.0751  0 25465978 486689 0.0883 5.6122 1.1278 11.2368 3.3910 
377 8601 84536 9.8286 7268189 10166810654 1398.8093 200456 6.0847  0 25465978 486689 0.0882 5.6056 1.1261 11.2349 3.3886 
378 8628 84536 9.7979 7276817 10166895190 1397.1625 200458 6.0938  0 25465978 486689 0.0879 5.5991 1.1033 11.2330 3.3736 
379 8605 84536 9.8241 7285422 10166979726 1395.5238 200460 6.0653  0 25465978 486689 0.0882 5.5926 1.1695 11.2312 3.3871 
380 8645 84536 9.7786 7294067 10167064262 1393.8815 200462 6.0600  0 25465978 486689 0.0878 5.5861 1.1878 11.2294 3.3714 
381 8630 84536 9.7956 7302697 10167148798 1392.2457 200464 6.0720  0 25465978 486689 0.0879 5.5796 1.1328 11.2276 3.3772 
382 8618 84536 9.8092 7311315 10167233334 1390.6162 200466 6.0939  0 25465978 486689 0.0880 5.5731 1.1626 11.2258 3.3775 
383 8610 84536 9.8184 7319925 10167317870 1388.9921 200468 6.0648  0 25465978 486689 0.0882 5.5667 1.1786 11.2240 3.3851 
384 8642 84536 9.7820 7328567 10167402406 1387.3657 200470 6.0599  0 25465978 486689 0.0878 5.5602 1.1195 11.2221 3.3726 
385 8623 84536 9.8035 7337190 10167486942 1385.7467 200472 6.0842  0 25465978 486689 0.0880 5.5538 1.1396 11.2203 3.3800 
386 8624 84536 9.8024 7345814 10167571478 1384.1313 200474 6.0850  0 25465978 486689 0.0879 5.5473 1.1131 11.2184 3.3751 
387 8625 84536 9.8013 7354439 10167656014 1382.5197 200476 6.0472  0 25465978 486689 0.0880 5.5409 1.1731 11.2166 3.3792 
388 8591 84536 9.8401 7363030 10167740550 1380.9180 200478 6.0749  0 25465978 486689 0.0883 5.5346 1.1659 11.2148 3.3926 
389 8613 84536 9.8149 7371643 10167825086 1379.3160 200480 6.0846  0 25465978 486689 0.0881 5.5282 1.1145 11.2129 3.3839 
390 8696 84536 9.7213 7380339 10167909622 1377.7023 200482 6.0946  0 25465978 486689 0.0872 5.5218 1.0782 11.2109 3.3472 
391 8607 84536 9.8218 7388946 10167994158 1376.1089 200484 6.0656  0 25465978 486689 0.0882 5.5155 1.1032 11.2090 3.3863 
392 8595 84536 9.8355 7397541 10168078694 1374.5214 200486 6.0762  0 25465978 486689 0.0883 5.5092 1.0968 11.2071 3.3910 
393 8631 84536 9.7945 7406172 10168163230 1372.9310 200488 6.0723  0 25465978 486689 0.0879 5.5028 1.1032 11.2052 3.3769 
394 8649 84536 9.7741 7414821 10168247766 1371.3409 200490 6.0854  0 25465978 486689 0.0876 5.4965 1.1263 11.2033 3.3654 
395 8618 84536 9.8092 7423439 10168332302 1369.7604 200492 6.0658  0 25465978 486689 0.0881 5.4903 1.1517 11.2015 3.3819 
396 8611 84536 9.8172 7432050 10168416838 1368.1847 200494 6.0741  0 25465978 486689 0.0881 5.4840 1.1695 11.1997 3.3847 
397 8638 84536 9.7865 7440688 10168501374 1366.6077 200496 6.0726  0 25465978 486689 0.0879 5.4777 1.1786 11.1979 3.3741 
398 8609 84536 9.8195 7449297 10168585910 1365.0397 200498 6.0935  0 25465978 486689 0.0880 5.4715 1.1994 11.1962 3.3810 
399 8636 84536 9.7888 7457933 10168670446 1363.4703 200500 6.0486  0 25465978 486689 0.0879 5.4653 1.1080 11.1943 3.3749 
400 8647 84536 9.7763 7466580 10168754982 1361.9027 200502 6.0600  0 25465978 486689 0.0878 5.4590 1.1228 11.1924 3.3706 
401 8714 84536 9.7012 7475294 10168839518 1360.3263 200504 6.0868  0 25465978 486689 0.0871 5.4528 1.0675 11.1904 3.3447 
402 8828 84536 9.5759 7484122 10168924054 1358.7330 200506 6.0970  0 25465978 486689 0.0859 5.4464 1.1050 11.1885 3.2971 
403 8718 84536 9.6967 7492840 10169008590 1357.1633 200508 6.0682  0 25465978 486689 0.0871 5.4402 1.1311 11.1867 3.3432 
404 8728 84536 9.6856 7501568 10169093126 1355.5957 200510 6.0771  0 25465978 486689 0.0870 5.4340 1.1448 11.1849 3.3393 
405 8720 84536 9.6945 7510288 10169177662 1354.0331 200512 6.0864  0 25465978 486689 0.0870 5.4278 1.1178 11.1830 3.3424 
406 8784 84536 9.6239 7519072 10169262198 1352.4624 200514 6.0879  0 25465978 486689 0.0863 5.4215 1.1485 11.1812 3.3137 
407 8703 84536 9.7134 7527775 10169346734 1350.9100 200516 6.0496  0 25465978 486689 0.0872 5.4154 1.1483 11.1794 3.3489 
408 8595 84536 9.8355 7536370 10169431270 1349.3805 200518 6.0746  0 25465978 486689 0.0883 5.4093 1.1244 11.1775 3.3910 
409 8601 84536 9.8286 7544971 10169515806 1347.8535 200520 6.0840  0 25465978 486689 0.0882 5.4032 1.1878 11.1757 3.3886 
410 8648 84536 9.7752 7553619 10169600342 1346.3215 200522 6.0851  0 25465978 486689 0.0877 5.3971 1.1131 11.1739 3.3658 
411 8610 84536 9.8184 7562229 10169684878 1344.7999 200524 6.0654  0 25465978 486689 0.0882 5.3911 1.1145 11.1720 3.3851 
412 8645 84536 9.7786 7570874 10169769414 1343.2754 200526 6.0600  0 25465978 486689 0.0878 5.3850 1.1878 11.1702 3.3714 
413 8627 84536 9.7990 7579501 10169853950 1341.7577 200528 6.0720  0 25465978 486689 0.0880 5.3790 1.1016 11.1683 3.3784 
414 8614 84536 9.8138 7588115 10169938486 1340.2457 200530 6.0936  0 25465978 486689 0.0880 5.3730 1.1416 11.1665 3.3791 
415 8598 84536 9.8321 7596713 10170023022 1338.7399 200532 6.0651  0 25465978 486689 0.0883 5.3670 1.1786 11.1648 3.3898 
416 8645 84536 9.7786 7605358 10170107558 1337.2294 200534 6.0608  0 25465978 486689 0.0878 5.3610 1.0843 11.1628 3.3714 
417 8600 84536 9.8298 7613958 10170192094 1335.7300 200536 6.0840  0 25465978 486689 0.0883 5.3551 1.1211 11.1610 3.3890 
418 8623 84536 9.8035 7622581 10170276630 1334.2301 200538 6.0846  0 25465978 486689 0.0879 5.3491 1.1862 11.1592 3.3755 
419 8593 84536 9.8378 7631174 10170361166 1332.7386 200540 6.0653  0 25465978 486689 0.0883 5.3432 1.1822 11.1575 3.3918 
420 8609 84536 9.8195 7639783 10170445702 1331.2480 200542 6.0749  0 25465978 486689 0.0882 5.3373 1.1345 11.1556 3.3855 
421 8610 84536 9.8184 7648393 10170530238 1329.7604 200544 6.0839  0 25465978 486689 0.0882 5.3314 1.1431 11.1538 3.3851 
422 8642 84536 9.7820 7657035 10170614774 1328.2706 200546 6.0944  0 25465978 486689 0.0877 5.3254 1.1381 11.1520 3.3681 
423 8614 84536 9.8138 7665649 10170699310 1326.7892 200548 6.0657  0 25465978 486689 0.0881 5.3196 1.1517 11.1502 3.3835 
424 8591 84536 9.8401 7674240 10170783846 1325.3148 200550 6.0747  0 25465978 486689 0.0883 5.3137 1.0968 11.1483 3.3926 
425 8635 84536 9.7899 7682875 10170868382 1323.8363 200552 6.0725  0 25465978 486689 0.0879 5.3078 1.1032 11.1464 3.3753 
426 8629 84536 9.7967 7691504 10170952918 1322.3621 200554 6.0941  0 25465978 486689 0.0878 5.3020 1.0484 11.1444 3.3732 
427 8611 84536 9.8172 7700115 10171037454 1320.8943 200556 6.0679  0 25465978 486689 0.0881 5.2961 1.1096 11.1425 3.3847 
428 8611 84536 9.8172 7708726 10171121990 1319.4297 200558 6.0743  0 25465978 486689 0.0881 5.2903 1.1731 11.1408 3.3847 
429 8604 84536 9.8252 7717330 10171206526 1317.9696 200560 6.0848  0 25465978 486689 0.0882 5.2845 1.1345 11.1389 3.3874 
430 8615 84536 9.8127 7725945 10171291062 1316.5109 200562 6.0936  0 25465978 486689 0.0880 5.2787 1.1537 11.1371 3.3787 
431 8639 84536 9.7854 7734584 10171375598 1315.0514 200564 6.0478  0 25465978 486689 0.0879 5.2729 1.1517 11.1353 3.3737 
432 8647 84536 9.7763 7743231 10171460134 1313.5939 200566 6.0600  0 25465978 486689 0.0878 5.2671 1.1228 11.1335 3.3706 
433 8623 84536 9.8035 7751854 10171544670 1312.1434 200568 6.0842  0 25465978 486689 0.0880 5.2614 1.1396 11.1317 3.3800 
434 8700 84536 9.7168 7760554 10171629206 1310.6835 200570 6.0947  0 25465978 486689 0.0871 5.2556 1.1825 11.1299 3.3457 
435 8590 84536 9.8412 7769144 10171713742 1309.2451 200572 6.0658  0 25465978 486689 0.0884 5.2499 1.0984 11.1280 3.3930 
436 8605 84536 9.8241 7777749 10171798278 1307.8075 200574 6.0750  0 25465978 486689 0.0882 5.2441 1.1064 11.1262 3.3871 
437 8610 84536 9.8184 7786359 10171882814 1306.3722 200576 6.0839  0 25465978 486689 0.0882 5.2384 1.1431 11.1244 3.3851 
438 8643 84536 9.7809 7795002 10171967350 1304.9346 200578 6.0853  0 25465978 486689 0.0877 5.2327 1.1213 11.1225 3.3677 
439 8644 84536 9.7797 7803646 10172051886 1303.4999 200580 6.0488  0 25465978 486689 0.0878 5.2270 1.1535 11.1207 3.3718 
440 8595 84536 9.8355 7812241 10172136422 1302.0767 200582 6.0762  0 25465978 486689 0.0883 5.2214 1.0968 11.1188 3.3910 
441 8596 84536 9.8343 7820837 10172220958 1300.6564 200584 6.0840  0 25465978 486689 0.0883 5.2157 1.1623 11.1171 3.3906 
442 8643 84536 9.7809 7829480 10172305494 1299.2313 200586 6.0853  0 25465978 486689 0.0877 5.2101 1.1330 11.1152 3.3677 
443 8614 84536 9.8138 7838094 10172390030 1297.8143 200588 6.0666  0 25465978 486689 0.0881 5.2045 1.1553 11.1135 3.3835 
444 8645 84536 9.7786 7846739 10172474566 1296.3951 200590 6.0611  0 25465978 486689 0.0878 5.1988 1.1113 11.1116 3.3714 
445 8599 84536 9.8309 7855338 10172559102 1294.9868 200592 6.0841  0 25465978 486689 0.0883 5.1932 1.1080 11.1097 3.3894 
446 8618 84536 9.8092 7863956 10172643638 1293.5784 200594 6.0939  0 25465978 486689 0.0880 5.1876 1.1626 11.1080 3.3775 
447 8598 84536 9.8321 7872554 10172728174 1292.1764 200596 6.0654  0 25465978 486689 0.0883 5.1821 1.1113 11.1061 3.3898 
448 8611 84536 9.8172 7881165 10172812710 1290.7751 200598 6.0749  0 25465978 486689 0.0881 5.1765 1.0720 11.1042 3.3847 
449 8618 84536 9.8092 7889783 10172897246 1289.3761 200600 6.0843  0 25465978 486689 0.0881 5.1709 1.1431 11.1024 3.3819 
450 8730 84536 9.6834 7898513 10172981782 1287.9617 200602 6.0869  0 25465978 486689 0.0868 5.1653 1.1485 11.1006 3.3342 
451 8720 84536 9.6945 7907233 10173066318 1286.5520 200604 6.0707  0 25465978 486689 0.0870 5.1597 1.1178 11.0988 3.3424 
452 8732 84536 9.6812 7915965 10173150854 1285.1436 200606 6.0775  0 25465978 486689 0.0869 5.1541 1.1786 11.0970 3.3378 
453 8720 84536 9.6945 7924685 10173235390 1283.7400 200608 6.0864  0 25465978 486689 0.0870 5.1485 1.1178 11.0952 3.3424 
454 8762 84536 9.6480 7933447 10173319926 1282.3329 200610 6.0965  0 25465978 486689 0.0865 5.1430 1.1994 11.0935 3.3220 
455 8747 84536 9.6646 7942194 10173404462 1280.9312 200612 6.0702  0 25465978 486689 0.0868 5.1374 1.1228 11.0916 3.3321 
456 8656 84536 9.7662 7950850 10173488998 1279.5474 200614 6.0759  0 25465978 486689 0.0877 5.1319 1.1261 11.0898 3.3671 
457 8630 84536 9.7956 7959480 10173573534 1278.1705 200616 6.0723  0 25465978 486689 0.0879 5.1264 1.1623 11.0880 3.3772 
458 8659 84536 9.7628 7968139 10173658070 1276.7922 200618 6.0944  0 25465978 486689 0.0875 5.1209 1.1033 11.0862 3.3615 
459 8617 84536 9.8104 7976756 10173742606 1275.4236 200620 6.0647  0 25465978 486689 0.0881 5.1155 1.2048 11.0845 3.3823 
460 8611 84536 9.8172 7985367 10173827142 1274.0588 200622 6.0747  0 25465978 486689 0.0881 5.1101 1.1878 11.0828 3.3847 
461 8604 84536 9.8252 7993971 10173911678 1272.6981 200624 6.0842  0 25465978 486689 0.0882 5.1047 1.1786 11.0810 3.3874 
462 8622 84536 9.8047 8002593 10173996214 1271.3374 200626 6.0937  0 25465978 486689 0.0879 5.0993 1.1180 11.0792 3.3759 
463 8644 84536 9.7797 8011237 10174080750 1269.9763 200628 6.0471  0 25465978 486689 0.0878 5.0939 1.1786 11.0775 3.3718 
464 8657 84536 9.7650 8019894 10174165286 1268.6158 200630 6.0760  0 25465978 486689 0.0877 5.0885 1.1695 11.0757 3.3667 
465 8621 84536 9.8058 8028515 10174249822 1267.2643 200632 6.0845  0 25465978 486689 0.0880 5.0831 1.1659 11.0740 3.3808 
466 8632 84536 9.7933 8037147 10174334358 1265.9136 200634 6.0938  0 25465978 486689 0.0878 5.0777 1.1098 11.0721 3.3720 
467 8587 84536 9.8446 8045734 10174418894 1264.5731 200636 6.0657  0 25465978 486689 0.0884 5.0724 1.0890 11.0703 3.3942 
468 8591 84536 9.8401 8054325 10174503430 1263.2349 200638 6.0749  0 25465978 486689 0.0883 5.0671 1.1659 11.0685 3.3926 
469 8613 84536 9.8149 8062938 10174587966 1261.8959 200640 6.0846  0 25465978 486689 0.0881 5.0618 1.1145 11.0667 3.3839 
470 8649 84536 9.7741 8071587 10174672502 1260.5542 200642 6.0854  0 25465978 486689 0.0876 5.0564 1.0737 11.0648 3.3654 
471 8607 84536 9.8218 8080194 10174757038 1259.2218 200644 6.0656  0 25465978 486689 0.0882 5.0511 1.1032 11.0629 3.3863 
472 8597 84536 9.8332 8088791 10174841574 1257.8940 200646 6.0738  0 25465978 486689 0.0883 5.0459 1.1713 11.0612 3.3902 
473 8601 84536 9.8286 8097392 10174926110 1256.5682 200648 6.0842  0 25465978 486689 0.0882 5.0406 1.1032 11.0593 3.3886 
474 8628 84536 9.7979 8106020 10175010646 1255.2412 200650 6.0938  0 25465978 486689 0.0879 5.0353 1.1033 11.0574 3.3736 
475 8604 84536 9.8252 8114624 10175095182 1253.9207 200652 6.0677  0 25465978 486689 0.0882 5.0301 1.1145 11.0556 3.3874 
476 8643 84536 9.7809 8123267 10175179718 1252.5970 200654 6.0599  0 25465978 486689 0.0878 5.0248 1.0984 11.0538 3.3722 
477 8596 84536 9.8343 8131863 10175264254 1251.2832 200656 6.0836  0 25465978 486689 0.0883 5.0196 1.1328 11.0520 3.3906 
478 8609 84536 9.8195 8140472 10175348790 1249.9703 200658 6.0935  0 25465978 486689 0.0880 5.0144 1.1994 11.0503 3.3810 
479 8593 84536 9.8378 8149065 10175433326 1248.6627 200660 6.0656  0 25465978 486689 0.0883 5.0092 1.1517 11.0485 3.3918 
480 8599 84536 9.8309 8157664 10175517862 1247.3568 200662 6.0750  0 25465978 486689 0.0883 5.0040 1.1431 11.0467 3.3894 
481 8618 84536 9.8092 8166282 10175602398 1246.0509 200664 6.0844  0 25465978 486689 0.0881 4.9988 1.1211 11.0449 3.3819 
482 8626 84536 9.8001 8174908 10175686934 1244.7463 200666 6.0849  0 25465978 486689 0.0879 4.9936 1.1450 11.0431 3.3744 
483 8622 84536 9.8047 8183530 10175771470 1243.4453 200668 6.0477  0 25465978 486689 0.0880 4.9885 1.1483 11.0414 3.3804 
484 8611 84536 9.8172 8192141 10175856006 1242.1484 200670 6.0757  0 25465978 486689 0.0881 4.9833 1.1379 11.0396 3.3847 
485 8610 84536 9.8184 8200751 10175940542 1240.8547 200672 6.0840  0 25465978 486689 0.0882 4.9782 1.1032 11.0377 3.3851 
486 8708 84536 9.7079 8209459 10176025078 1239.5487 200674 6.0946  0 25465978 486689 0.0870 4.9730 1.1082 11.0359 3.3426 
487 8614 84536 9.8138 8218073 10176109614 1238.2598 200676 6.0660  0 25465978 486689 0.0881 4.9679 1.1261 11.0341 3.3835 
488 8595 84536 9.8355 8226668 10176194150 1236.9764 200678 6.0746  0 25465978 486689 0.0883 4.9628 1.1244 11.0323 3.3910 
489 8635 84536 9.7899 8235303 10176278686 1235.6896 200680 6.0724  0 25465978 486689 0.0879 4.9577 1.1878 11.0306 3.3753 
490 8629 84536 9.7967 8243932 10176363222 1234.4065 200682 6.0941  0 25465978 486689 0.0878 4.9526 1.1263 11.0288 3.3732 
491 8610 84536 9.8184 8252542 10176447758 1233.1288 200684 6.0654  0 25465978 486689 0.0882 4.9475 1.1145 11.0270 3.3851 
492 8609 84536 9.8195 8261151 10176532294 1231.8541 200686 6.0751  0 25465978 486689 0.0882 4.9424 1.1588 11.0252 3.3855 
493 8593 84536 9.8378 8269744 10176616830 1230.5842 200688 6.0846  0 25465978 486689 0.0883 4.9374 1.0483 11.0233 3.3918 
494 8609 84536 9.8195 8278353 10176701366 1229.3147 200690 6.0935  0 25465978 486689 0.0880 4.9323 1.1994 11.0216 3.3810 
495 8660 84536 9.7617 8287013 10176785902 1228.0403 200692 6.0516  0 25465978 486689 0.0876 4.9273 1.0675 11.0197 3.3655 
496 8611 84536 9.8172 8295624 10176870438 1226.7758 200694 6.0743  0 25465978 486689 0.0881 4.9223 1.1311 11.0179 3.3847 
497 8600 84536 9.8298 8304224 10176954974 1225.5155 200696 6.0840  0 25465978 486689 0.0883 4.9173 1.1211 11.0161 3.3890 
498 8609 84536 9.8195 8312833 10177039510 1224.2565 200698 6.0935  0 25465978 486689 0.0880 4.9123 1.1862 11.0144 3.3810 
499 8662 84536 9.7594 8321495 10177124046 1222.9923 200700 6.0684  0 25465978 486689 0.0876 4.9072 1.1129 11.0126 3.3648 
500 8728 84536 9.6856 8330223 10177208582 1221.7209 200702 6.0768  0 25465978 486689 0.0870 4.9022 1.1311 11.0108 3.3393 
501 8717 84536 9.6978 8338940 10177293118 1220.4541 200704 6.0869  0 25465978 486689 0.0871 4.8971 1.1295 11.0090 3.3435 
502 8784 84536 9.6239 8347724 10177377654 1219.1799 200706 6.0879  0 25465978 486689 0.0863 4.8921 1.1485 11.0072 3.3137 
503 8766 84536 9.6436 8356490 10177462190 1217.9111 200708 6.0508  0 25465978 486689 0.0866 4.8870 1.1465 11.0055 3.3248 
504 8724 84536 9.6901 8365214 10177546726 1216.6510 200710 6.0769  0 25465978 486689 0.0870 4.8820 1.1016 11.0036 3.3409 
505 8696 84536 9.7213 8373910 10177631262 1215.3977 200712 6.0860  0 25465978 486689 0.0873 4.8771 1.0968 11.0018 3.3516 
506 8650 84536 9.7729 8382560 10177715798 1214.1537 200714 6.0852  0 25465978 486689 0.0876 4.8721 1.1033 11.0000 3.3650 
507 8618 84536 9.8092 8391178 10177800334 1212.9167 200716 6.0658  0 25465978 486689 0.0881 4.8672 1.1517 10.9982 3.3819 
508 8645 84536 9.7786 8399823 10177884870 1211.6786 200718 6.0597  0 25465978 486689 0.0878 4.8623 1.1731 10.9965 3.3714 
509 8591 84536 9.8401 8408414 10177969406 1210.4506 200720 6.0838  0 25465978 486689 0.0883 4.8574 1.1570 10.9948 3.3926 
510 8624 84536 9.8024 8417038 10178053942 1209.2205 200722 6.0940  0 25465978 486689 0.0879 4.8525 1.1213 10.9930 3.3751 
511 8605 84536 9.8241 8425643 10178138478 1207.9954 200724 6.0656  0 25465978 486689 0.0882 4.8477 1.1517 10.9912 3.3871 
512 8608 84536 9.8206 8434251 10178223014 1206.7726 200726 6.0752  0 25465978 486689 0.0882 4.8428 1.1064 10.9894 3.3859 
513 8621 84536 9.8058 8442872 10178307550 1205.5503 200728 6.0845  0 25465978 486689 0.0880 4.8379 1.1659 10.9877 3.3808 
514 8623 84536 9.8035 8451495 10178392086 1204.3303 200730 6.0846  0 25465978 486689 0.0879 4.8331 1.1862 10.9860 3.3755 
515 8601 84536 9.8286 8460096 10178476622 1203.1160 200732 6.0660  0 25465978 486689 0.0882 4.8283 1.1804 10.9843 3.3886 
516 8591 84536 9.8401 8468687 10178561158 1201.9054 200734 6.0742  0 25465978 486689 0.0883 4.8235 1.1822 10.9826 3.3926 
517 8610 84536 9.8184 8477297 10178645694 1200.6947 200736 6.0839  0 25465978 486689 0.0882 4.8187 1.1431 10.9808 3.3851 
518 8636 84536 9.7888 8485933 10178730230 1199.4827 200738 6.0941  0 25465978 486689 0.0878 4.8138 1.0782 10.9790 3.3704 
519 8610 84536 9.8184 8494543 10178814766 1198.2770 200740 6.0665  0 25465978 486689 0.0882 4.8090 1.1535 10.9772 3.3851 
520 8591 84536 9.8401 8503134 10178899302 1197.0762 200742 6.0757  0 25465978 486689 0.0883 4.8043 1.0968 10.9754 3.3926 
521 8635 84536 9.7899 8511769 10178983838 1195.8717 200744 6.0730  0 25465978 486689 0.0879 4.7995 1.1261 10.9736 3.3753 
522 8629 84536 9.7967 8520398 10179068374 1194.6705 200746 6.0941  0 25465978 486689 0.0878 4.7947 1.0484 10.9717 3.3732 
523 8615 84536 9.8127 8529013 10179152910 1193.4738 200748 6.0658  0 25465978 486689 0.0881 4.7900 1.1465 10.9699 3.3831 
524 8613 84536 9.8149 8537626 10179237446 1192.2797 200750 6.0762  0 25465978 486689 0.0881 4.7852 1.1145 10.9681 3.3839 
525 8593 84536 9.8378 8546219 10179321982 1191.0907 200752 6.0846  0 25465978 486689 0.0883 4.7805 1.0483 10.9662 3.3918 
526 8618 84536 9.8092 8554837 10179406518 1189.9008 200754 6.0936  0 25465978 486689 0.0880 4.7758 1.1416 10.9645 3.3775 
527 8632 84536 9.7933 8563469 10179491054 1188.7111 200756 6.0474  0 25465978 486689 0.0879 4.7710 1.1786 10.9628 3.3765 
528 8613 84536 9.8149 8572082 10179575590 1187.5266 200758 6.0762  0 25465978 486689 0.0881 4.7663 1.1178 10.9610 3.3839 
529 8621 84536 9.8058 8580703 10179660126 1186.3434 200760 6.0844  0 25465978 486689 0.0880 4.7616 1.1431 10.9592 3.3808 
530 8642 84536 9.7820 8589345 10179744662 1185.1597 200762 6.0939  0 25465978 486689 0.0877 4.7569 1.1537 10.9575 3.3681 
531 8590 84536 9.8412 8597935 10179829198 1183.9854 200764 6.0647  0 25465978 486689 0.0884 4.7523 1.1311 10.9557 3.3930 
532 8611 84536 9.8172 8606546 10179913734 1182.8105 200766 6.0747  0 25465978 486689 0.0881 4.7476 1.1822 10.9540 3.3847 
533 8610 84536 9.8184 8615156 10179998270 1181.6383 200768 6.0840  0 25465978 486689 0.0882 4.7430 1.1032 10.9522 3.3851 
534 8643 84536 9.7809 8623799 10180082806 1180.4639 200770 6.0853  0 25465978 486689 0.0877 4.7383 1.1213 10.9504 3.3677 
535 8614 84536 9.8138 8632413 10180167342 1179.2958 200772 6.0660  0 25465978 486689 0.0881 4.7336 1.1261 10.9487 3.3835 
536 8594 84536 9.8366 8641007 10180251878 1178.1326 200774 6.0751  0 25465978 486689 0.0883 4.7290 1.1244 10.9469 3.3914 
537 8596 84536 9.8343 8649603 10180336414 1176.9716 200776 6.0840  0 25465978 486689 0.0883 4.7244 1.1623 10.9452 3.3906 
538 8631 84536 9.7945 8658234 10180420950 1175.8080 200778 6.0939  0 25465978 486689 0.0878 4.7198 1.1131 10.9434 3.3724 
539 8605 84536 9.8241 8666839 10180505486 1174.6504 200780 6.0653  0 25465978 486689 0.0882 4.7152 1.1695 10.9417 3.3871 
540 8643 84536 9.7809 8675482 10180590022 1173.4897 200782 6.0604  0 25465978 486689 0.0878 4.7106 1.1588 10.9400 3.3722 
541 8596 84536 9.8343 8684078 10180674558 1172.3380 200784 6.0836  0 25465978 486689 0.0883 4.7060 1.1328 10.9382 3.3906 
542 8618 84536 9.8092 8692696 10180759094 1171.1855 200786 6.0939  0 25465978 486689 0.0880 4.7014 1.1626 10.9365 3.3775 
543 8603 84536 9.8263 8701299 10180843630 1170.0372 200788 6.0661  0 25465978 486689 0.0882 4.6969 1.1016 10.9347 3.3878 
544 8612 84536 9.8161 8709911 10180928166 1168.8900 200790 6.0751  0 25465978 486689 0.0881 4.6923 1.1000 10.9329 3.3843 
545 8621 84536 9.8058 8718532 10181012702 1167.7439 200792 6.0845  0 25465978 486689 0.0880 4.6878 1.1659 10.9312 3.3808 
546 8623 84536 9.8035 8727155 10181097238 1166.5999 200794 6.0846  0 25465978 486689 0.0879 4.6832 1.1862 10.9295 3.3755 
547 8625 84536 9.8013 8735780 10181181774 1165.4576 200796 6.0472  0 25465978 486689 0.0880 4.6787 1.1731 10.9278 3.3792 
548 8591 84536 9.8401 8744371 10181266310 1164.3224 200798 6.0749  0 25465978 486689 0.0883 4.6742 1.1659 10.9261 3.3926 
549 8613 84536 9.8149 8752984 10181350846 1163.1863 200800 6.0846  0 25465978 486689 0.0881 4.6697 1.1145 10.9243 3.3839 
550 8696 84536 9.7213 8761680 10181435382 1162.0415 200802 6.0946  0 25465978 486689 0.0872 4.6651 1.0782 10.9225 3.3472 
551 8607 84536 9.8218 8770287 10181519918 1160.9108 200804 6.0656  0 25465978 486689 0.0882 4.6606 1.1032 10.9207 3.3863 
552 8691 84536 9.7268 8778978 10181604454 1159.7710 200806 6.0782  0 25465978 486689 0.0873 4.6561 1.0968 10.9189 3.3535 
553 8696 84536 9.7213 8787674 10181688990 1158.6331 200808 6.0860  0 25465978 486689 0.0873 4.6516 1.0968 10.9171 3.3516 
554 8650 84536 9.7729 8796324 10181773526 1157.5032 200810 6.0852  0 25465978 486689 0.0876 4.6471 1.1033 10.9153 3.3650 
555 8618 84536 9.8092 8804942 10181858062 1156.3799 200812 6.0658  0 25465978 486689 0.0881 4.6426 1.1517 10.9135 3.3819 
556 8611 84536 9.8172 8813553 10181942598 1155.2596 200814 6.0741  0 25465978 486689 0.0881 4.6382 1.1695 10.9119 3.3847 
557 8638 84536 9.7865 8822191 10182027134 1154.1382 200816 6.0726  0 25465978 486689 0.0879 4.6337 1.1786 10.9102 3.3741 
558 8628 84536 9.7979 8830819 10182111670 1153.0200 200818 6.0940  0 25465978 486689 0.0879 4.6293 1.1050 10.9084 3.3736 
559 8603 84536 9.8263 8839422 10182196206 1151.9075 200820 6.0658  0 25465978 486689 0.0882 4.6249 1.1080 10.9066 3.3878 
560 8611 84536 9.8172 8848033 10182280742 1150.7960 200822 6.0741  0 25465978 486689 0.0881 4.6204 1.1695 10.9049 3.3847 
561 8600 84536 9.8298 8856633 10182365278 1149.6881 200824 6.0840  0 25465978 486689 0.0883 4.6160 1.1211 10.9031 3.3890 
562 8642 84536 9.7820 8865275 10182449814 1148.5769 200826 6.0939  0 25465978 486689 0.0877 4.6116 1.1098 10.9014 3.3681 
563 8590 84536 9.8412 8873865 10182534350 1147.4745 200828 6.0655  0 25465978 486689 0.0884 4.6072 1.1261 10.8996 3.3930 
564 8611 84536 9.8172 8882476 10182618886 1146.3717 200830 6.0757  0 25465978 486689 0.0881 4.6029 1.1379 10.8979 3.3847 
565 8610 84536 9.8184 8891086 10182703422 1145.2710 200832 6.0840  0 25465978 486689 0.0882 4.5985 1.1032 10.8961 3.3851 
566 3604 8585984 2382.3484 8894690 10191289406 1145.7723 201088 35.0569  0 25465978 486689 0.5683 4.5969 3.1556 10.8947 21.8211 
