1 168760 120043008 711.3238 168760 120043008 711.3238 144 22.5012  0 178521 1145 0.8192 0.8192 4.2122 4.2122 44.6929 
2 30067 120043008 3992.5171 198827 240086016 1207.5121 288 21.9275  0 178521 1145 3.9464 1.2921 13.7238 6.1953 151.5412 
3 12974 5425664 418.1952 211801 245511680 1159.1620 307 24.0892  0 178521 1145 2.3703 1.3582 6.1040 6.1854 92.3329 
4 75176 21111552 280.8283 286977 266623232 929.0753 595 11.2397  0 237831 1145 1.7013 1.4481 8.2126 6.6939 84.7828 
5 4315 21500 4.9826 291292 266644732 915.3864 615 1.5625  0 240896 1145 0.0556 1.4274 1.1940 6.6762 4.2716 
6 62486 559580 8.9553 353778 267204312 755.2881 617 16.1995  0 240896 1145 0.0464 1.1835 1.2104 6.4738 1.9954 
7 102406 638720 6.2371 456184 267843032 587.1382 618 24.9854  0 240896 1145 0.0374 0.9262 1.0000 6.1675 1.5374 
8 3780 17408 4.6053 459964 267860440 582.3509 1162 10.5834  0 243798 1145 0.4952 0.9227 2.1057 6.1155 26.3314 
9 64416 38802432 602.3726 524380 306662872 584.8104 2250 42.2053  0 304983 1145 1.5663 1.0018 8.2445 6.4346 66.4417 
10 102890 11896320 115.6217 627270 318559192 507.8502 2270 24.9989  0 419916 1145 0.7387 0.9586 7.6175 6.5635 30.3348 
11 61906 562628 9.0884 689176 319121820 463.0484 2272 16.2103  0 419916 1145 0.0469 0.8767 1.2277 6.4293 2.0191 
12 27862 639744 22.9612 717038 319761564 445.9479 2273 24.9462  0 419916 1145 0.1376 0.8480 1.0000 6.2165 5.6507 
13 80678 50733568 628.8402 797716 370495132 464.4449 3381 40.6984  0 583001 1145 2.1382 0.9785 7.5152 6.4634 88.0347 
15 56832 1569216 27.6115 854548 372064348 435.3932 3383 46.8304  0 583001 1145 0.0826 0.9189 1.6836 6.3555 3.3419 
16 19597 258060 13.1683 874145 372322408 425.9275 3403 22.5898  0 595520 1145 0.3256 0.9056 3.4099 6.3116 14.3826 
17 42402 53088984 1252.0397 916547 425411392 464.1458 6445 55.0111  0 651225 1145 4.6082 1.0769 11.7012 6.9449 182.1731 
18 42841 21242880 495.8540 959388 446654272 465.5617 6485 46.5866  0 867488 1145 2.2903 1.1311 12.1331 7.2242 91.0679 
19 32631 562628 17.2421 992019 447216900 450.8148 6487 16.3765  0 867488 1145 0.0889 1.0968 1.2012 7.1289 3.8305 
20 82360 639744 7.7677 1074379 447856644 416.8516 6488 24.9824  0 867488 1145 0.0465 1.0163 1.0000 6.9787 1.9116 
21 83507 50733568 607.5367 1157886 498590212 430.6039 7596 31.4269  0 897503 1145 1.9430 1.0831 9.0403 7.1909 76.7972 
23 11426 4136960 362.0655 1169312 502727172 429.9341 7916 24.9657  0 907267 1145 4.1099 1.1127 11.0990 7.2835 165.0803 
24 28532 7672320 268.9023 1197844 510399492 426.0984 8076 15.6186  0 931038 1145 1.0795 1.1119 6.8429 7.2726 49.0969 
25 23367 27557960 1179.3538 1221211 537957452 440.5115 8139 24.7559  0 931038 1145 6.1403 1.2081 10.6543 7.5043 252.9500 
26 114461 11905280 104.0117 1335672 549862732 411.6750 8159 24.9826  0 1008736 1145 0.4480 1.1430 8.2285 7.5265 19.2166 
27 193845 160737408 829.2059 1529517 710600140 464.5912 10385 39.5931  0 2416595 1145 3.6247 1.4575 10.0648 8.1765 142.9337 
29 10063 2074400 206.1413 1539580 712674540 462.9019 10585 15.5066  0 2425114 1145 1.6735 1.4589 6.2719 8.1579 71.5874 
30 2322 2234880 962.4806 1541902 714909420 463.6543 10617 10.6157  0 2425114 1145 3.4453 1.4619 12.0664 8.1673 132.2997 
31 118213 30115896 254.7596 1660115 745025316 448.7794 10817 10.1659  0 2464123 1145 1.7763 1.4843 3.7642 7.4269 71.7969 
32 8060 188160 23.3449 1668175 745213476 446.7238 10833 6.2488  0 2464123 1145 0.2789 1.4785 4.3821 7.4222 12.3109 
33 182602 347584 1.9035 1850777 745561060 402.8368 10849 1.8220  0 2464123 1145 0.0502 1.3376 1.0123 7.2522 2.0289 
34 50128 84536 1.6864 1900905 745645596 392.2582 10851 6.1455  0 2464123 1145 0.0156 1.3027 1.0426 7.2385 0.6603 
35 14284 84536 5.9182 1915189 745730132 389.3768 10853 5.9313  0 2464123 1145 0.0550 1.2934 1.1041 7.2258 2.3200 
36 14262 84536 5.9274 1929451 745814668 386.5424 10855 5.9603  0 2464123 1145 0.0550 1.2842 1.0783 7.2128 2.3236 
37 14150 84536 5.9743 1943601 745899204 383.7718 10857 5.9876  0 2464123 1145 0.0555 1.2753 1.1393 7.2006 2.3420 
38 14508 84536 5.8269 1958109 745983740 380.9715 10859 6.0210  0 2464123 1145 0.0540 1.2662 1.1073 7.1881 2.2816 
39 14158 84536 5.9709 1972267 746068276 378.2796 10861 5.9301  0 2464123 1145 0.0554 1.2576 1.1072 7.1756 2.3407 
40 14141 84536 5.9781 1986408 746152812 375.6292 10863 5.9577  0 2464123 1145 0.0555 1.2490 1.1510 7.1638 2.3435 
41 14147 84536 5.9755 2000555 746237348 373.0152 10865 5.9881  0 2464123 1145 0.0555 1.2406 1.0695 7.1509 2.3425 
42 14427 84536 5.8596 2014982 746321884 370.3864 10867 6.0198  0 2464123 1145 0.0543 1.2321 1.1701 7.1393 2.2944 
43 14158 84536 5.9709 2029140 746406420 367.8437 10869 5.9285  0 2464123 1145 0.0554 1.2239 1.1630 7.1278 2.3407 
44 14156 84536 5.9717 2043296 746490956 365.3367 10871 5.9580  0 2464123 1145 0.0555 1.2158 1.1443 7.1160 2.3410 
45 14158 84536 5.9709 2057454 746575492 362.8638 10873 5.9880  0 2464123 1145 0.0554 1.2078 1.1025 7.1038 2.3407 
46 14426 84536 5.8600 2071880 746660028 360.3780 10875 6.0197  0 2464123 1145 0.0543 1.1997 1.1027 7.0916 2.2945 
47 14140 84536 5.9785 2086020 746744564 357.9757 10877 5.9281  0 2464123 1145 0.0555 1.1920 1.1135 7.0796 2.3436 
48 14156 84536 5.9717 2100176 746829100 355.6031 10879 5.9582  0 2464123 1145 0.0555 1.1843 1.1311 7.0679 2.3410 
49 14154 84536 5.9726 2114330 746913636 353.2626 10881 5.9876  0 2464123 1145 0.0555 1.1768 1.1699 7.0566 2.3413 
50 18201 536624 29.4832 2132531 747450260 350.4991 10897 12.4435  0 2464123 1145 0.0237 1.1669 1.0410 7.0496 2.8355 
51 5223 21500 4.1164 2137754 747471760 349.6528 10917 1.5625  0 2464123 1145 0.0452 1.1642 1.2228 7.0464 3.4114 
52 62829 559580 8.9064 2200583 748031340 339.9242 10919 16.0206  0 2464123 1145 0.0461 1.1323 1.2152 7.0073 1.9796 
53 103508 638720 6.1707 2304091 748670060 324.9308 10920 24.9863  0 2464123 1145 0.0370 1.0831 1.0000 6.9432 1.5210 
54 382 17408 45.5707 2304473 748687468 324.8845 11464 10.1989  0 2464123 1145 4.2723 1.0836 10.3291 6.9447 164.0545 
55 18168 38802432 2135.7568 2322641 787489900 339.0493 12552 38.2293  0 2480222 1145 5.3598 1.1170 8.0118 6.9796 205.8145 
56 102183 11896320 116.4217 2424824 799386220 329.6677 12572 24.9605  0 2485862 1145 0.6626 1.0979 5.5586 6.9345 26.7327 
57 4491 4136960 921.1667 2429315 803523180 330.7612 12892 20.4566  0 2488333 1145 10.2961 1.1149 15.3366 7.0000 395.3721 
58 3288 7672320 2333.4307 2432603 811195500 333.4681 13052 15.4714  0 2488333 1145 8.7591 1.1252 15.3273 7.0402 336.3504 
59 2118 1075000 507.5543 2434721 812270500 333.6195 14052 18.8013  0 2488333 1145 3.8546 1.1276 7.5244 7.0416 156.9360 
60 59927 8977800 149.8123 2494648 821248300 329.2041 14152 10.1629  0 2536830 1145 0.7231 1.1179 6.0975 7.0247 35.7651 
61 4597 3291136 715.9313 2499245 824539436 329.9154 14184 8.6978  0 2536830 1145 3.7590 1.1227 12.6224 7.0439 144.3446 
62 331 4608 13.9215 2499576 824544044 329.8736 14328 2.7863  0 2536830 1145 1.3051 1.1228 3.4839 7.0428 50.1172 
63 46801 37269504 796.3399 2546377 861813548 338.4470 14904 22.3617  0 2561934 1145 3.2645 1.1621 10.4354 7.1630 130.6754 
64 49594 8384000 169.0527 2595971 870197548 335.2108 14954 12.4967  0 2665917 1145 0.7521 1.1543 6.7499 7.1576 33.7589 
65 5548 2074400 373.9005 2601519 872271948 335.2933 15154 13.4350  0 2669118 1145 2.9200 1.1581 6.7953 7.1555 112.1269 
66 2310 2234880 967.4805 2603829 874506828 335.8542 15186 10.6170  0 2669118 1145 3.4632 1.1601 12.5392 7.1637 132.9870 
67 76822 30115896 392.0218 2680651 904622724 337.4638 15386 9.8642  0 2669118 1145 2.6855 1.2038 3.6835 6.7556 103.1225 
68 8043 188160 23.3943 2688694 904810884 336.5243 15402 6.1926  0 2669118 1145 0.2734 1.2010 3.5640 6.7515 11.4011 
69 182571 347584 1.9038 2871265 905158468 315.2473 15418 1.7164  0 2669118 1145 0.0498 1.1278 1.0717 6.6525 1.9704 
70 40820 84536 2.0709 2912085 905243004 310.8573 15420 6.1766  0 2669118 1145 0.0186 1.1123 1.0369 6.6441 0.7131 
71 12947 84536 6.5294 2925032 905327540 309.5103 15422 5.8734  0 2669118 1145 0.0586 1.1076 1.1897 6.6369 2.2511 
72 12921 84536 6.5425 2937953 905412076 308.1779 15424 5.9225  0 2669118 1145 0.0587 1.1030 1.1000 6.6291 2.2557 
73 12810 84536 6.5992 2950763 905496612 306.8687 15426 5.9678  0 2669118 1145 0.0593 1.0985 1.0843 6.6212 2.2752 
74 12921 84536 6.5425 2963684 905581148 305.5593 15428 6.0187  0 2669118 1145 0.0587 1.0939 1.1956 6.6142 2.2527 
75 12814 84536 6.5972 2976498 905665684 304.2722 15430 5.8700  0 2669118 1145 0.0592 1.0895 1.1659 6.6069 2.2745 
76 12809 84536 6.5997 2989307 905750220 302.9967 15432 5.9189  0 2669118 1145 0.0593 1.0851 1.1659 6.5997 2.2754 
77 12794 84536 6.6075 3002101 905834756 301.7336 15434 5.9676  0 2669118 1145 0.0593 1.0807 1.1972 6.5928 2.2781 
78 12825 84536 6.5915 3014926 905919292 300.4781 15436 6.0169  0 2669118 1145 0.0591 1.0764 1.1644 6.5856 2.2696 
79 12807 84536 6.6008 3027733 906003828 299.2350 15438 5.8698  0 2669118 1145 0.0593 1.0721 1.1048 6.5780 2.2758 
80 12814 84536 6.5972 3040547 906088364 298.0018 15440 5.9189  0 2669118 1145 0.0592 1.0678 1.1500 6.5707 2.2745 
81 17639 84536 4.7926 3058186 906172900 296.3106 15442 5.9911  0 2669118 1145 0.0438 1.0619 1.0078 6.5621 1.7655 
82 14429 84536 5.8588 3072615 906257436 294.9466 15444 6.0199  0 2669118 1145 0.0543 1.0572 1.0814 6.5541 2.2940 
83 14151 84536 5.9739 3086766 906341972 293.6219 15446 5.9283  0 2669118 1145 0.0555 1.0526 1.1443 6.5466 2.3418 
84 14159 84536 5.9705 3100925 906426508 292.3084 15448 5.9581  0 2669118 1145 0.0554 1.0480 1.1544 6.5392 2.3405 
85 14158 84536 5.9709 3115083 906511044 291.0070 15450 5.9877  0 2669118 1145 0.0554 1.0435 1.1311 6.5317 2.3407 
86 18180 536624 29.5173 3133263 907047668 289.4898 15466 11.9885  0 2669118 1145 0.0164 1.0375 1.0346 6.5285 1.7151 
