1 34702 1690992 48.7290 34702 1690992 48.7290 18 3.1247  0 4678 0 0.2725 0.2725 3.2033 3.2033 16.6383 
2 16564 1690992 102.0884 51266 3381984 65.9693 36 3.1245  0 4678 0 0.5709 0.3689 1.5168 2.0588 34.8577 
3 8384 352000 41.9847 59650 3733984 62.5982 38 17.0869  0 4678 0 0.2308 0.3495 1.0448 1.8887 9.1099 
4 28638 1319472 46.0742 88288 5053456 57.2383 56 3.1246  0 5638 0 0.3262 0.3419 3.3460 2.1829 20.9498 
5 2090 21500 10.2871 90378 5074956 56.1526 76 1.5625  0 6353 0 0.1244 0.3369 1.1765 2.1670 9.5541 
6 28091 559580 19.9203 118469 5634536 47.5613 78 16.3884  0 6353 0 0.1033 0.2815 1.1417 2.0100 4.4441 
7 42258 52624 1.2453 160727 5687160 35.3840 79 2.4197  0 6353 0 0.0077 0.2095 1.0000 1.9907 0.5380 
8 2011 17408 8.6564 162738 5704568 35.0537 623 10.5481  0 7487 0 0.9314 0.2184 2.1628 1.9990 49.5324 
9 27111 38568512 1422.6149 189849 44273080 233.2015 1711 42.4749  0 24141 0 0.5931 0.2719 2.7473 2.1843 37.8009 
10 38287 753120 19.6704 228136 45026200 197.3656 1713 15.9768  0 24141 0 0.1258 0.2474 1.1519 2.0292 5.3598 
11 28196 562628 19.9542 256332 45588828 177.8507 1715 16.4068  0 24141 0 0.1029 0.2315 1.2318 1.9669 4.4330 
12 20848 52624 2.5242 277180 45641452 164.6636 1716 2.3889  0 24141 0 0.0155 0.2153 1.0000 1.9567 1.0867 
13 51006 39427168 772.9908 328186 85068620 259.2086 2806 41.9588  0 37611 0 0.3416 0.2349 1.9272 1.9499 21.1040 
15 29951 1510416 50.4296 358137 86579036 241.7484 2808 46.7810  0 37611 0 0.1076 0.2243 1.8593 1.9461 4.4566 
16 8447 258060 30.5505 366584 86837096 236.8819 2828 22.5774  0 40266 0 0.7553 0.2365 3.5464 2.0130 33.3676 
17 27363 53088984 1940.1741 393947 139926080 355.1901 5870 56.1320  0 47927 0 7.1344 0.7156 13.3492 4.8865 282.0435 
18 21532 18132480 842.1178 415479 158058560 380.4249 5910 46.6297  0 56918 0 3.2779 0.8484 14.5706 5.6366 132.0780 
19 17883 562628 31.4616 433362 158621188 366.0247 5912 17.6965  0 56918 0 0.1622 0.8201 1.0031 5.4318 6.9894 
20 20849 52624 2.5241 454211 158673812 349.3394 5913 2.3871  0 56918 0 0.0155 0.7832 1.0000 5.4101 1.0867 
21 33918 39427168 1162.4261 488129 198100980 405.8373 7003 39.7923  0 56918 0 0.4005 0.7566 2.2265 5.1397 15.9768 
23 3924 409440 104.3425 492053 198510420 403.4330 7043 5.9587  0 58841 0 0.8688 0.7575 2.9721 5.1057 42.8428 
24 11177 479520 42.9024 503230 198989940 395.4254 7053 7.8101  0 58841 0 0.1839 0.7447 2.9826 5.0858 9.5167 
25 22574 27557960 1220.7832 525804 226547900 430.8600 7116 24.7364  0 58841 0 6.3559 0.9856 10.3550 5.9198 261.8222 
26 46342 753936 16.2690 572146 227301836 397.2794 7118 16.1343  0 58841 0 0.0708 0.9115 1.1867 5.7749 3.2151 
27 89642 136708160 1525.0459 661788 364009996 550.0402 9298 53.5578  0 112751 0 2.1684 1.0818 9.4927 6.4621 86.2803 
29 3088 403200 130.5699 664876 364413196 548.0920 9348 6.0128  0 114190 0 0.3413 1.0783 2.0000 6.4410 20.5181 
30 10158 139680 13.7507 675034 364552876 540.0511 9350 10.6891  0 114190 0 0.0541 1.0629 1.5027 6.4248 2.6159 
31 30996 5083568 164.0072 706030 369636444 523.5421 9413 6.2483  0 116915 0 1.8529 1.0976 2.4654 5.7415 74.1947 
32 3789 11760 3.1037 709819 369648204 520.7640 9414 6.2475  0 116915 0 0.0351 1.0919 1.0000 5.7368 1.5607 
33 164895 21724 0.1317 874714 369669928 422.6180 9415 1.6785  0 116915 0 0.0035 0.8867 1.0000 5.7168 0.1404 
34 21574 84536 3.9184 896288 369754464 412.5398 9417 6.1302  0 116915 0 0.0363 0.8663 1.0439 5.6911 1.5343 
35 7968 33539 4.2092 904256 369788003 408.9417 9418 12.3011  0 116915 0 0.0034 0.8587 1.0000 5.6901 0.4048 
36 2229 21500 9.6456 906485 369809503 407.9599 9438 1.5625  0 117629 0 0.1077 0.8568 1.2060 5.6836 8.2692 
37 29203 559580 19.1617 935688 370369083 395.8254 9440 16.2518  0 117629 0 0.0992 0.8332 1.1396 5.6006 4.2643 
38 43671 52624 1.2050 979359 370421707 378.2287 9441 2.4110  0 117629 0 0.0074 0.7964 1.0000 5.5900 0.5188 
39 386 17408 45.0984 979745 370439115 378.0975 9985 10.1895  0 117629 0 4.2280 0.7977 10.3949 5.5954 162.3544 
40 10408 38568512 3705.6602 990153 409007627 413.0752 11073 40.7766  0 120935 0 1.2022 0.8020 2.9720 5.5186 46.1626 
41 39653 753120 18.9928 1029806 409760747 397.9009 11075 15.9774  0 120935 0 0.1093 0.7753 1.1550 5.4076 4.7103 
42 2520 409440 162.4762 1032326 410170187 397.3262 11115 4.8816  0 121099 0 1.2385 0.7764 3.2175 5.3934 49.4324 
43 5306 479520 90.3732 1037632 410649707 395.7566 11125 7.8074  0 121099 0 0.3867 0.7744 2.5779 5.3784 20.0033 
44 1666 1075000 645.2581 1039298 411724707 396.1566 12125 17.5047  0 121099 0 4.8980 0.7810 7.8917 5.3956 199.1453 
45 29719 8977800 302.0896 1069017 420702507 393.5414 12225 10.2061  0 141897 0 1.4582 0.7999 6.0380 5.4249 72.1187 
46 4422 205696 46.5165 1073439 420908203 392.1119 12227 8.6500  0 141897 0 0.2442 0.7976 1.0056 5.3950 9.3786 
47 331 4608 13.9215 1073770 420912811 391.9953 12371 2.7842  0 141897 0 1.3051 0.7977 3.5122 5.3935 50.1172 
48 20621 37011744 1794.8569 1094391 457924555 418.4286 12947 22.4521  0 149532 0 2.2765 0.8256 6.6399 5.4466 99.4851 
49 20346 528960 25.9982 1114737 458453515 411.2661 12951 9.9747  0 149532 0 0.1305 0.8129 2.3799 5.4261 5.9640 
50 1443 403200 279.4179 1116180 458856715 411.0956 13001 5.0656  0 149532 0 0.6438 0.8127 3.0359 5.4218 30.9222 
51 5411 139680 25.8141 1121591 458996395 409.2369 13003 10.6914  0 149532 0 0.1016 0.8093 1.2673 5.4110 4.9109 
52 14108 5083568 360.3323 1135699 464079963 408.6294 13066 6.2463  0 149532 0 4.0285 0.8493 4.6543 5.3597 156.4988 
53 2022 11760 5.8160 1137721 464091723 407.9135 13067 6.2454  0 149532 0 0.0658 0.8479 1.0000 5.3565 2.9246 
54 162539 21724 0.1337 1300260 464113447 356.9390 13068 1.6115  0 149532 0 0.0035 0.7423 1.0000 5.3426 0.1425 
55 10956 84536 7.7160 1311216 464197983 354.0210 13070 6.0690  0 149532 0 0.0716 0.7367 1.1737 5.3273 3.0212 
56 4059 33539 8.2629 1315275 464231522 352.9539 13071 11.4297  0 149532 0 0.0067 0.7345 1.0000 5.3266 0.7947 
