1 50519 1690992 33.4724 50519 1690992 33.4724 18 3.1248  0 9508 0 0.1872 0.1872 3.2152 3.2152 11.4290 
2 16564 1690992 102.0884 67083 3381984 50.4149 36 3.1245  0 9508 0 0.5709 0.2819 1.5168 2.0613 34.8577 
3 9790 352000 35.9551 76873 3733984 48.5734 38 17.5968  0 9508 0 0.1977 0.2712 1.0353 1.8876 7.8016 
4 41440 1319472 31.8405 118313 5053456 42.7126 56 3.1247  0 11997 0 0.2254 0.2552 3.3592 2.1837 14.4778 
5 2892 21500 7.4343 121205 5074956 41.8708 76 1.5625  0 13515 0 0.0899 0.2512 1.1712 2.1677 6.9046 
6 39399 559580 14.2029 160604 5634536 35.0834 78 16.2708  0 13515 0 0.0736 0.2077 1.2113 2.0283 3.1686 
7 59874 52624 0.8789 220478 5687160 25.7947 79 2.4023  0 13515 0 0.0054 0.1527 1.0000 2.0085 0.3797 
8 2610 17408 6.6697 223088 5704568 25.5709 623 10.5677  0 15255 0 0.7176 0.1593 2.1603 2.0159 38.1646 
9 37492 38568512 1028.7131 260580 44273080 169.9021 1711 42.4818  0 45220 0 0.4289 0.1981 2.7250 2.1937 27.3343 
10 55710 753120 13.5186 316290 45026200 142.3573 1713 15.9678  0 45220 0 0.0864 0.1785 1.1489 2.0357 3.6835 
11 39432 562628 14.2683 355722 45588828 128.1586 1715 16.2994  0 45220 0 0.0736 0.1668 1.1553 1.9626 3.1698 
12 20848 52624 2.5242 376570 45641452 121.2031 1716 2.3889  0 45220 0 0.0155 0.1584 1.0000 1.9525 1.0867 
13 60032 39427168 656.7692 436602 85068620 194.8425 2806 42.0912  0 67763 0 0.2902 0.1766 1.9304 1.9474 17.9309 
15 38372 1510416 39.3625 474974 86579036 182.2816 2808 46.8004  0 67763 0 0.0840 0.1691 1.8412 1.9429 3.4785 
16 11852 258060 21.7735 486826 86837096 178.3740 2828 22.6027  0 73607 0 0.5383 0.1781 3.5504 2.0099 23.7813 
17 32326 53088984 1642.2998 519152 139926080 269.5282 5870 56.1678  0 89343 0 6.0420 0.5432 13.0541 4.8542 238.8566 
18 27891 18132480 650.1194 547043 158058560 288.9326 5910 46.6871  0 159537 0 2.5306 0.6445 12.9910 5.5501 101.9649 
19 17855 562628 31.5110 564898 158621188 280.7961 5912 17.6902  0 159537 0 0.1625 0.6293 1.0007 5.3515 7.0004 
20 20847 52624 2.5243 585745 158673812 270.8923 5913 2.3861  0 159537 0 0.0155 0.6075 1.0000 5.3305 1.0868 
21 34482 39427168 1143.4131 620227 198100980 319.4008 7003 39.2814  0 159537 0 0.3939 0.5956 2.1494 5.0553 15.7155 
23 5331 409440 76.8036 625558 198510420 317.3333 7043 6.0993  0 163079 0 0.6400 0.5960 2.9747 5.0232 31.5786 
24 15995 479520 29.9794 641553 198989940 310.1691 7053 7.8108  0 163079 0 0.1282 0.5843 3.0295 5.0052 6.6309 
25 22576 27557960 1220.6750 664129 226547900 341.1203 7116 24.7551  0 163079 0 6.3606 0.7807 10.5076 5.8542 262.6018 
26 65988 753936 11.4254 730117 227301836 311.3225 7118 16.0813  0 163079 0 0.0497 0.7146 1.1330 5.7048 2.2579 
27 112862 136702560 1211.2363 842979 364004396 431.8072 9298 53.3186  0 326559 0 1.7220 0.8495 8.8290 6.3109 68.5189 
29 4484 403200 89.9197 847463 364407596 429.9982 9348 6.0713  0 329375 0 0.2337 0.8462 2.0193 6.2914 13.9076 
30 14158 139680 9.8658 861621 364547276 423.0947 9350 10.6929  0 329375 0 0.0388 0.8330 1.5027 6.2760 1.8769 
31 43033 5083568 118.1319 904654 369630844 408.5881 9413 6.2484  0 334343 0 1.3346 0.8568 2.1294 5.4847 53.4413 
32 5196 11760 2.2633 909850 369642604 406.2676 9414 6.2482  0 334343 0 0.0256 0.8521 1.0000 5.4805 1.1381 
33 166895 21724 0.1302 1076745 369664328 343.3165 9415 1.7317  0 334343 0 0.0034 0.7205 1.0000 5.4624 0.1387 
34 31271 84536 2.7033 1108016 369748864 333.7036 9417 6.1372  0 334343 0 0.0251 0.7009 1.0370 5.4389 1.0585 
35 11378 33539 2.9477 1119394 369782403 330.3416 9418 12.3607  0 334343 0 0.0024 0.6938 1.0000 5.4381 0.2835 
36 3231 21500 6.6543 1122625 369803903 329.4100 9438 1.5625  0 334343 0 0.0656 0.6920 1.3418 5.4336 4.3736 
37 40358 559580 13.8654 1162983 370363483 318.4599 9440 16.2158  0 334343 0 0.0718 0.6705 1.1482 5.3592 3.0857 
38 60631 52624 0.8679 1223614 370416107 302.7230 9441 2.3838  0 334343 0 0.0053 0.6375 1.0000 5.3496 0.3737 
39 384 17408 45.3333 1223998 370433515 302.6422 9985 10.2159  0 334343 0 4.2500 0.6386 10.3291 5.3550 163.2000 
40 12165 38568512 3170.4490 1236163 409002027 330.8641 11073 39.3418  0 342794 0 1.0285 0.6425 2.3158 5.2465 39.4953 
41 57143 753120 13.1796 1293306 409755147 316.8277 11075 15.9676  0 342794 0 0.0759 0.6174 1.1447 5.1464 3.2686 
42 3322 409440 123.2511 1296628 410164587 316.3317 11115 5.2103  0 342794 0 0.9401 0.6183 2.5473 5.1260 37.5677 
43 5311 479520 90.2881 1301939 410644107 315.4096 11125 7.8025  0 342794 0 0.3770 0.6173 2.1074 5.1078 18.5963 
44 1915 1075000 561.3577 1303854 411719107 315.7709 12125 17.9398  0 342794 0 4.2757 0.6227 6.6841 5.1199 175.4970 
45 39999 8977800 224.4506 1343853 420696907 313.0528 12225 10.1839  0 377475 0 1.0834 0.6364 5.9748 5.1573 53.5837 
46 4434 205696 46.3906 1348287 420902603 312.1758 12227 8.6538  0 377475 0 0.2436 0.6351 1.0019 5.1305 9.3532 
47 331 4608 13.9215 1348618 420907211 312.1026 12371 2.7842  0 377475 0 1.3051 0.6353 3.5122 5.1293 50.1172 
48 26643 37011744 1389.1733 1375261 457918955 332.9688 12947 22.4641  0 390759 0 1.7620 0.6571 6.1030 5.1722 76.9989 
49 28665 528960 18.4532 1403926 458447915 326.5471 12951 9.9711  0 390759 0 0.0927 0.6456 2.6454 5.1577 4.2332 
50 1443 403200 279.4179 1405369 458851115 326.4987 13001 5.0598  0 390759 0 0.6431 0.6456 3.0130 5.1540 30.8690 
51 4883 139680 28.6054 1410252 458990795 325.4672 13003 10.5804  0 390759 0 0.1075 0.6437 1.0038 5.1417 4.6870 
52 14264 5083568 356.3915 1424516 464074363 325.7769 13066 6.2456  0 390759 0 3.9844 0.6771 4.6161 5.1074 154.7872 
53 2022 11760 5.8160 1426538 464086123 325.3233 13067 6.2454  0 390759 0 0.0658 0.6763 1.0000 5.1045 2.9246 
54 162736 21724 0.1335 1589274 464107847 292.0251 13068 1.6114  0 390759 0 0.0035 0.6074 1.0000 5.0921 0.1423 
55 12193 84536 6.9332 1601467 464192383 289.8545 13070 6.0486  0 390759 0 0.0643 0.6033 1.0580 5.0764 2.7147 
56 4253 33539 7.8860 1605720 464225922 289.1076 13071 10.9665  0 390759 0 0.0063 0.6017 1.0000 5.0758 0.7584 
