1 169439 432893952 2554.8660 169439 432893952 2554.8660 4608 47.2872  0 20828 0 11.4391 11.4391 15.2768 15.2768 444.8266 
2 136854 432893952 3163.1809 306293 865787904 2826.6658 9216 46.3936  0 24276 1454 14.1124 12.6336 16.4954 15.8616 541.9177 
3 40752 86572544 2124.3752 347045 952360448 2744.1987 9505 72.9220  0 452760 1454 12.0314 12.5628 14.1465 15.6483 463.8153 
4 180012 337784832 1876.4573 527057 1290145280 2447.8289 14113 42.2426  0 1745207 484680 10.9133 11.9995 13.7950 15.0214 496.7101 
5 2229 21500 9.6456 529286 1290166780 2437.5608 14133 1.5625  0 1745918 484680 0.1077 11.9494 1.2245 15.0150 8.2692 
6 28957 559580 19.3245 558243 1290726360 2312.1228 14135 16.3344  0 1745918 484680 0.1001 11.3347 1.2094 14.9369 4.3059 
7 55947 10219520 182.6643 614190 1300945880 2118.1489 14151 24.9703  0 1746685 484680 1.0962 10.4021 7.0363 14.7776 45.0255 
8 2017 17408 8.6306 616207 1300963288 2111.2439 14695 10.4806  0 1747823 484680 0.9281 10.3711 2.1818 14.7527 49.3470 
9 177524 620840358 3497.2195 793731 1921803646 2421.2280 32103 42.6146  0 1913835 484680 8.6128 9.9778 10.0441 13.5283 333.0171 
10 158573 190341120 1200.3375 952304 2112144766 2217.9312 32423 49.1835  0 4592943 484680 7.5352 9.5711 9.8472 12.8963 294.4663 
11 28833 562628 19.5133 981137 2112707394 2153.3257 32425 16.4730  0 4592943 484680 0.1006 9.2928 1.2282 12.8574 4.3350 
12 56634 10235904 180.7378 1037771 2122943298 2045.6761 32441 24.9405  0 4593260 484680 1.0766 8.8444 4.0580 12.6749 43.5138 
13 273533 811739152 2967.6096 1311304 2934682450 2237.9878 50169 51.8805  0 6877413 486562 9.8180 9.0475 11.2868 12.3316 378.4275 
15 33639 25107456 746.3794 1344943 2959789906 2200.6804 50201 46.7805  0 6887223 486562 2.2326 8.8771 8.7320 12.2997 90.3363 
16 8874 258060 29.0805 1353817 2960047966 2186.4460 50221 22.6111  0 6889702 486562 0.7190 8.8236 3.5662 12.2836 31.7620 
17 213275 849423744 3982.7629 1567092 3809471710 2430.9177 98893 58.1513  0 6907142 486562 14.2626 9.5638 15.1821 12.7788 548.7197 
18 182726 339886080 1860.0861 1749818 4149357790 2371.3083 99533 88.6418  0 10135055 486562 8.5045 9.4532 9.4879 12.3755 328.0346 
19 28893 562628 19.4728 1778711 4149920418 2333.1055 99535 16.4770  0 10135055 486562 0.1004 9.3013 1.2329 12.3559 4.3260 
20 56248 10235904 181.9781 1834959 4160156322 2267.1658 99551 24.8692  0 10135245 486562 1.0745 9.0491 3.8505 12.2574 42.3541 
21 256392 811738928 3166.0073 2091351 4971895250 2377.3606 117279 51.8329  0 12480006 486562 9.9940 9.1649 10.6637 12.0173 383.7692 
23 93820 48665600 518.7124 2185171 5020560850 2297.5598 118559 94.0260  0 13408152 487212 8.0861 9.1186 8.5531 11.8348 311.2929 
24 68381 122757120 1795.1934 2253552 5143317970 2282.3162 121119 90.3824  0 14299961 487212 6.7680 9.0473 8.2305 11.7183 263.0794 
25 35918 27557960 767.2465 2289470 5170875930 2258.5471 121182 24.7485  0 14315536 487212 3.9963 8.9680 11.3388 11.7155 164.8042 
26 128639 190484480 1480.7677 2418109 5361360410 2217.1707 121502 48.2836  0 14912892 487212 6.1916 8.8203 13.0091 11.7592 244.9213 
27 699137 2571932960 3678.7253 3117246 7933293370 2544.9688 157118 53.4823  0 19842191 487476 15.1041 10.2297 16.8338 13.0633 581.4617 
29 14668 33190400 2262.7761 3131914 7966483770 2543.6472 160318 87.0768  0 19843148 487476 17.4898 10.2637 20.2398 13.1003 671.6073 
30 12742 35758080 2806.3162 3144656 8002241850 2544.7114 160830 67.0280  0 19843148 487476 10.0455 10.2628 13.1080 13.1004 385.7479 
31 134091 127883520 953.7070 3278747 8130125370 2479.6440 160862 6.2493  0 19861335 487476 1.8617 9.9192 7.2382 13.0194 161.9082 
32 5248 3010560 573.6585 3283995 8133135930 2476.5981 161118 19.9459  0 19863900 487476 6.6189 9.9139 14.7249 13.0210 266.4585 
33 171758 5561344 32.3790 3455753 8138697274 2355.1155 161374 5.4664  0 19866945 487476 0.8438 9.4631 1.4878 12.5886 32.9382 
34 13222 84536 6.3936 3468975 8138781810 2346.1633 161376 6.0600  0 19866945 487476 0.0593 9.4273 1.0453 12.5853 2.5035 
35 10745 84536 7.8675 3479720 8138866346 2338.9429 161378 6.0743  0 19866945 487476 0.0731 9.3984 1.1041 12.5821 3.0842 
36 10599 84536 7.9758 3490319 8138950882 2331.8645 161380 6.0721  0 19866945 487476 0.0741 9.3701 1.1119 12.5790 3.1266 
37 10680 84536 7.9154 3500999 8139035418 2324.7751 161382 6.0734  0 19866945 487476 0.0735 9.3417 1.0948 12.5758 3.1029 
38 10849 84536 7.7921 3511848 8139119954 2317.6174 161384 6.0744  0 19866945 487476 0.0723 9.3131 1.0844 12.5726 3.0510 
39 10674 84536 7.9198 3522522 8139204490 2310.6187 161386 6.0732  0 19866945 487476 0.0735 9.2851 1.0594 12.5694 3.1047 
40 10708 84536 7.8947 3533230 8139289026 2303.6396 161388 6.0667  0 19866945 487476 0.0733 9.2572 1.1630 12.5664 3.0948 
41 10721 84536 7.8851 3543951 8139373562 2296.6948 161390 6.0741  0 19866945 487476 0.0732 9.2294 1.1751 12.5635 3.0911 
42 10891 84536 7.7620 3554842 8139458098 2289.6821 161392 6.0753  0 19866945 487476 0.0720 9.2013 1.1232 12.5604 3.0393 
43 10677 84536 7.9176 3565519 8139542634 2282.8494 161394 6.0733  0 19866945 487476 0.0735 9.1740 1.0622 12.5572 3.1038 
44 10668 84536 7.9243 3576187 8139627170 2276.0630 161396 6.0733  0 19866945 487476 0.0736 9.1469 1.0948 12.5540 3.1064 
45 10733 84536 7.8763 3586920 8139711706 2269.2761 161398 6.0741  0 19866945 487476 0.0731 9.1197 1.0783 12.5508 3.0876 
46 10860 84536 7.7842 3597780 8139796242 2262.4497 161400 6.0674  0 19866945 487476 0.0722 9.0924 1.1248 12.5477 3.0480 
47 10609 84536 7.9683 3608389 8139880778 2255.8213 161402 6.0722  0 19866945 487476 0.0740 9.0659 1.0594 12.5445 3.1237 
48 10618 84536 7.9616 3619007 8139965314 2249.2263 161404 6.0724  0 19866945 487476 0.0739 9.0395 1.0813 12.5413 3.1210 
49 10608 84536 7.9691 3629615 8140049850 2242.6758 161406 6.0722  0 19866945 487476 0.0740 9.0133 1.0888 12.5381 3.1240 
50 10875 84536 7.7734 3640490 8140134386 2235.9998 161408 6.0745  0 19866945 487476 0.0721 8.9866 1.1346 12.5351 3.0438 
51 10611 84536 7.9668 3651101 8140218922 2229.5244 161410 6.0721  0 19866945 487476 0.0740 8.9607 1.1344 12.5321 3.1231 
52 10602 84536 7.9736 3661703 8140303458 2223.0923 161412 6.0719  0 19866945 487476 0.0740 8.9349 1.0813 12.5289 3.1257 
53 10604 84536 7.9721 3672307 8140387994 2216.6958 161414 6.0647  0 19866945 487476 0.0740 8.9094 1.1072 12.5258 3.1252 
54 10837 84536 7.8007 3683144 8140472530 2210.1965 161416 6.0668  0 19866945 487476 0.0723 8.8834 1.1297 12.5228 3.0544 
55 10613 84536 7.9653 3693757 8140557066 2203.8691 161418 6.0723  0 19866945 487476 0.0740 8.8580 1.0651 12.5195 3.1225 
56 10597 84536 7.9774 3704354 8140641602 2197.5874 161420 6.0719  0 19866945 487476 0.0741 8.8329 1.1377 12.5165 3.1272 
57 10604 84536 7.9721 3714958 8140726138 2191.3374 161422 6.0649  0 19866945 487476 0.0740 8.8079 1.1103 12.5134 3.1252 
58 10829 84536 7.8064 3725787 8140810674 2184.9910 161424 6.0740  0 19866945 487476 0.0724 8.7825 1.1216 12.5104 3.0567 
59 10620 84536 7.9601 3736407 8140895210 2178.8032 161426 6.0652  0 19866945 487476 0.0739 8.7578 1.0964 12.5073 3.1205 
60 10613 84536 7.9653 3747020 8140979746 2172.6545 161428 6.0723  0 19866945 487476 0.0740 8.7332 1.1056 12.5042 3.1225 
61 10617 84536 7.9623 3757637 8141064282 2166.5383 161430 6.0724  0 19866945 487476 0.0739 8.7087 1.1025 12.5011 3.1213 
62 10839 84536 7.7992 3768476 8141148818 2160.3291 161432 6.0739  0 19866945 487476 0.0723 8.6839 1.0710 12.4979 3.0539 
63 10601 84536 7.9743 3779077 8141233354 2154.2915 161434 6.0718  0 19866945 487476 0.0740 8.6597 1.0467 12.4946 3.1260 
64 10617 84536 7.9623 3789694 8141317890 2148.2786 161436 6.0722  0 19866945 487476 0.0739 8.6357 1.0813 12.4914 3.1213 
65 10626 84536 7.9556 3800320 8141402426 2142.2939 161438 6.0722  0 19866945 487476 0.0739 8.6117 1.0651 12.4882 3.1187 
66 10836 84536 7.8014 3811156 8141486962 2136.2251 161440 6.0670  0 19866945 487476 0.0724 8.5875 1.0595 12.4850 3.0547 
67 10601 84536 7.9743 3821757 8141571498 2130.3215 161442 6.0721  0 19866945 487476 0.0740 8.5638 1.1360 12.4820 3.1260 
68 10597 84536 7.9774 3832354 8141656034 2124.4531 161444 6.0721  0 19866945 487476 0.0741 8.5404 1.0903 12.4789 3.1272 
69 10605 84536 7.9713 3842959 8141740570 2118.6123 161446 6.0722  0 19866945 487476 0.0740 8.5170 1.1263 12.4759 3.1249 
70 10840 84536 7.7985 3853799 8141825106 2112.6750 161448 6.0740  0 19866945 487476 0.0723 8.4932 1.1089 12.4728 3.0536 
71 10613 84536 7.9653 3864412 8141909642 2106.8948 161450 6.0723  0 19866945 487476 0.0740 8.4701 1.0651 12.4696 3.1225 
72 10605 84536 7.9713 3875017 8141994178 2101.1506 161452 6.0649  0 19866945 487476 0.0740 8.4471 1.0666 12.4664 3.1249 
73 10605 84536 7.9713 3885622 8142078714 2095.4375 161454 6.0720  0 19866945 487476 0.0740 8.4243 1.1025 12.4633 3.1249 
74 9228 84536 9.1608 3894850 8142163250 2090.4946 161456 6.0785  0 19866945 487476 0.0821 8.4045 1.1066 12.4604 3.1542 
75 9194 84536 9.1947 3904044 8142247786 2085.5933 161458 6.0266  0 19866945 487476 0.0826 8.3849 1.1517 12.4575 3.1701 
76 9212 84536 9.1767 3913256 8142332322 2080.7053 161460 6.0435  0 19866945 487476 0.0824 8.3654 1.1311 12.4546 3.1639 
77 9224 84536 9.1648 3922480 8142416858 2075.8340 161462 6.0618  0 19866945 487476 0.0823 8.3459 1.0937 12.4516 3.1598 
78 9235 84536 9.1539 3931715 8142501394 2070.9795 161464 6.0705  0 19866945 487476 0.0821 8.3265 1.1364 12.4488 3.1518 
79 9197 84536 9.1917 3940912 8142585930 2066.1680 161466 6.0275  0 19866945 487476 0.0825 8.3073 1.1379 12.4459 3.1690 
80 9201 84536 9.1877 3950113 8142670466 2061.3765 161468 6.0431  0 19866945 487476 0.0825 8.2881 1.1414 12.4430 3.1677 
81 9210 84536 9.1787 3959323 8142755002 2056.6028 161470 6.0613  0 19866945 487476 0.0824 8.2690 1.1048 12.4401 3.1646 
82 9235 84536 9.1539 3968558 8142839538 2051.8384 161472 6.0789  0 19866945 487476 0.0821 8.2500 1.1608 12.4373 3.1518 
83 9215 84536 9.1737 3977773 8142924074 2047.1063 161474 6.0279  0 19866945 487476 0.0824 8.2310 1.1822 12.4345 3.1628 
84 9198 84536 9.1907 3986971 8143008610 2042.4048 161476 6.0429  0 19866945 487476 0.0825 8.2122 1.1695 12.4318 3.1687 
85 9234 84536 9.1549 3996205 8143093146 2037.7065 161478 6.0501  0 19866945 487476 0.0822 8.1935 1.1379 12.4289 3.1563 
86 9232 84536 9.1568 4005437 8143177682 2033.0310 161480 6.0789  0 19866945 487476 0.0821 8.1748 1.1398 12.4261 3.1529 
87 9211 84536 9.1777 4014648 8143262218 2028.3876 161482 6.0268  0 19866945 487476 0.0824 8.1562 1.1483 12.4232 3.1642 
88 9199 84536 9.1897 4023847 8143346754 2023.7715 161484 6.0436  0 19866945 487476 0.0825 8.1377 1.1244 12.4203 3.1683 
89 9306 84536 9.0840 4033153 8143431290 2019.1228 161486 6.0633  0 19866945 487476 0.0816 8.1191 1.0937 12.4174 3.1319 
90 9344 84536 9.0471 4042497 8143515826 2014.4766 161488 6.0807  0 19866945 487476 0.0811 8.1006 1.1263 12.4145 3.1151 
91 9361 84536 9.0307 4051858 8143600362 2009.8434 161490 6.0131  0 19866945 487476 0.0811 8.0820 1.1048 12.4115 3.1135 
92 9312 84536 9.0782 4061170 8143684898 2005.2559 161492 6.0462  0 19866945 487476 0.0815 8.0637 1.1145 12.4086 3.1299 
93 9335 84536 9.0558 4070505 8143769434 2000.6780 161494 6.0635  0 19866945 487476 0.0813 8.0454 1.1859 12.4059 3.1222 
94 9353 84536 9.0384 4079858 8143853970 1996.1122 161496 6.0809  0 19866945 487476 0.0810 8.0271 1.1033 12.4030 3.1121 
95 9242 84536 9.1469 4089100 8143938506 1991.6212 161498 6.0275  0 19866945 487476 0.0821 8.0092 1.1535 12.4002 3.1536 
96 9191 84536 9.1977 4098291 8144023042 1987.1754 161500 6.0427  0 19866945 487476 0.0826 7.9914 1.1804 12.3974 3.1711 
97 9208 84536 9.1807 4107499 8144107578 1982.7412 161502 6.0612  0 19866945 487476 0.0824 7.9737 1.1641 12.3947 3.1652 
98 9253 84536 9.1361 4116752 8144192114 1978.3052 161504 6.0708  0 19866945 487476 0.0819 7.9559 1.0706 12.3916 3.1457 
99 9215 84536 9.1737 4125967 8144276650 1973.9073 161506 6.0271  0 19866945 487476 0.0824 7.9383 1.1749 12.3889 3.1628 
100 9198 84536 9.1907 4135165 8144361186 1969.5371 161508 6.0429  0 19866945 487476 0.0825 7.9209 1.1695 12.3861 3.1687 
101 9200 84536 9.1887 4144365 8144445722 1965.1855 161510 6.0609  0 19866945 487476 0.0825 7.9035 1.1379 12.3833 3.1680 
102 9212 84536 9.1767 4153577 8144530258 1960.8473 161512 6.0785  0 19866945 487476 0.0823 7.8861 1.1502 12.3805 3.1597 
103 9212 84536 9.1767 4162789 8144614794 1956.5284 161514 6.0268  0 19866945 487476 0.0824 7.8689 1.1517 12.3777 3.1639 
104 9233 84536 9.1559 4172022 8144699330 1952.2188 161516 6.0305  0 19866945 487476 0.0822 7.8516 1.1278 12.3748 3.1567 
105 9207 84536 9.1817 4181229 8144783866 1947.9402 161518 6.0608  0 19866945 487476 0.0824 7.8345 1.2048 12.3722 3.1656 
106 9218 84536 9.1708 4190447 8144868402 1943.6753 161520 6.0787  0 19866945 487476 0.0822 7.8175 1.1825 12.3695 3.1576 
107 9194 84536 9.1947 4199641 8144952938 1939.4403 161522 6.0289  0 19866945 487476 0.0826 7.8005 1.1064 12.3666 3.1701 
108 9212 84536 9.1767 4208853 8145037474 1935.2155 161524 6.0450  0 19866945 487476 0.0824 7.7836 1.0937 12.3636 3.1639 
109 9224 84536 9.1648 4218077 8145122010 1931.0035 161526 6.0614  0 19866945 487476 0.0823 7.7668 1.1228 12.3607 3.1598 
110 9234 84536 9.1549 4227311 8145206546 1926.8057 161528 6.0704  0 19866945 487476 0.0821 7.7500 1.1626 12.3580 3.1522 
111 9225 84536 9.1638 4236536 8145291082 1922.6300 161530 6.0098  0 19866945 487476 0.0823 7.7333 1.1311 12.3551 3.1594 
112 9208 84536 9.1807 4245744 8145375618 1918.4802 161532 6.0438  0 19866945 487476 0.0824 7.7167 1.1345 12.3523 3.1652 
113 9210 84536 9.1787 4254954 8145460154 1914.3474 161534 6.0606  0 19866945 487476 0.0824 7.7002 1.1822 12.3496 3.1646 
114 9308 84536 9.0821 4264262 8145544690 1910.1886 161536 6.0793  0 19866945 487476 0.0814 7.6836 1.1033 12.3467 3.1271 
115 9211 84536 9.1777 4273473 8145629226 1906.0912 161538 6.0288  0 19866945 487476 0.0824 7.6672 1.1016 12.3438 3.1642 
116 9198 84536 9.1907 4282671 8145713762 1902.0171 161540 6.0434  0 19866945 487476 0.0825 7.6509 1.2029 12.3411 3.1687 
117 9231 84536 9.1578 4291902 8145798298 1897.9459 161542 6.0508  0 19866945 487476 0.0822 7.6346 1.0720 12.3381 3.1574 
118 9249 84536 9.1400 4301151 8145882834 1893.8844 161544 6.0707  0 19866945 487476 0.0820 7.6184 1.1082 12.3352 3.1471 
119 9212 84536 9.1767 4310363 8145967370 1889.8566 161546 6.0288  0 19866945 487476 0.0824 7.6023 1.1016 12.3323 3.1639 
120 9199 84536 9.1897 4319562 8146051906 1885.8514 161548 6.0442  0 19866945 487476 0.0825 7.5862 1.1278 12.3295 3.1683 
121 9231 84536 9.1578 4328793 8146136442 1881.8494 161550 6.0498  0 19866945 487476 0.0822 7.5702 1.2067 12.3268 3.1574 
122 9218 84536 9.1708 4338011 8146220978 1877.8701 161552 6.0787  0 19866945 487476 0.0822 7.5543 1.1825 12.3242 3.1576 
123 9228 84536 9.1608 4347239 8146305514 1873.9033 161554 6.0125  0 19866945 487476 0.0822 7.5385 1.1064 12.3213 3.1584 
124 9198 84536 9.1907 4356437 8146390050 1869.9662 161556 6.0434  0 19866945 487476 0.0825 7.5227 1.1113 12.3184 3.1687 
125 9217 84536 9.1717 4365654 8146474586 1866.0376 161558 6.0612  0 19866945 487476 0.0823 7.5070 1.1328 12.3156 3.1622 
126 9238 84536 9.1509 4374892 8146559122 1862.1166 161560 6.0788  0 19866945 487476 0.0821 7.4913 1.0426 12.3125 3.1508 
127 9190 84536 9.1987 4384082 8146643658 1858.2324 161562 6.0255  0 19866945 487476 0.0826 7.4758 1.1953 12.3098 3.1714 
128 9211 84536 9.1777 4393293 8146728194 1854.3558 161564 6.0447  0 19866945 487476 0.0824 7.4603 1.1228 12.3070 3.1642 
129 9210 84536 9.1787 4402503 8146812730 1850.4957 161566 6.0613  0 19866945 487476 0.0824 7.4449 1.1048 12.3041 3.1646 
130 9260 84536 9.1292 4411763 8146897266 1846.6307 161568 6.0709  0 19866945 487476 0.0819 7.4294 1.1050 12.3012 3.1433 
131 9220 84536 9.1688 4420983 8146981802 1842.7987 161570 6.0265  0 19866945 487476 0.0823 7.4141 1.1517 12.2985 3.1611 
132 9199 84536 9.1897 4430182 8147066338 1838.9913 161572 6.0433  0 19866945 487476 0.0825 7.3989 1.1677 12.2958 3.1683 
133 9201 84536 9.1877 4439383 8147150874 1835.1989 161574 6.0616  0 19866945 487476 0.0825 7.3837 1.1113 12.2929 3.1677 
134 9215 84536 9.1737 4448598 8147235410 1831.4164 161576 6.0786  0 19866945 487476 0.0823 7.3686 1.1590 12.2902 3.1587 
135 9210 84536 9.1787 4457808 8147319946 1827.6516 161578 6.0285  0 19866945 487476 0.0824 7.3535 1.1396 12.2874 3.1646 
136 9245 84536 9.1440 4467053 8147404482 1823.8879 161580 6.0297  0 19866945 487476 0.0821 7.3385 1.1731 12.2847 3.1526 
137 9207 84536 9.1817 4476260 8147489018 1820.1554 161582 6.0606  0 19866945 487476 0.0824 7.3236 1.1500 12.2819 3.1656 
138 9318 84536 9.0723 4485578 8147573554 1816.3933 161584 6.0802  0 19866945 487476 0.0813 7.3085 1.1680 12.2792 3.1238 
139 9327 84536 9.0636 4494905 8147658090 1812.6431 161586 6.0301  0 19866945 487476 0.0814 7.2935 1.1096 12.2764 3.1249 
140 9307 84536 9.0831 4504212 8147742626 1808.9164 161588 6.0453  0 19866945 487476 0.0816 7.2786 1.1588 12.2736 3.1316 
141 9335 84536 9.0558 4513547 8147827162 1805.1938 161590 6.0642  0 19866945 487476 0.0813 7.2637 1.1080 12.2708 3.1222 
142 9367 84536 9.0249 4522914 8147911698 1801.4739 161592 6.0727  0 19866945 487476 0.0809 7.2489 1.1001 12.2679 3.1074 
143 9320 84536 9.0704 4532234 8147996234 1797.7881 161594 6.0299  0 19866945 487476 0.0814 7.2341 1.1244 12.2651 3.1272 
144 9273 84536 9.1164 4541507 8148080770 1794.1359 161596 6.0465  0 19866945 487476 0.0819 7.2195 1.1362 12.2623 3.1431 
145 9210 84536 9.1787 4550717 8148165306 1790.5233 161598 6.0613  0 19866945 487476 0.0824 7.2051 1.1048 12.2594 3.1646 
146 9239 84536 9.1499 4559956 8148249842 1786.9141 161600 6.0790  0 19866945 487476 0.0820 7.1906 1.1147 12.2566 3.1505 
147 9203 84536 9.1857 4569159 8148334378 1783.3336 161602 6.0281  0 19866945 487476 0.0825 7.1763 1.1145 12.2538 3.1670 
148 9198 84536 9.1907 4578357 8148418914 1779.7693 161604 6.0430  0 19866945 487476 0.0825 7.1621 1.1448 12.2510 3.1687 
149 9234 84536 9.1549 4587591 8148503450 1776.2053 161606 6.0501  0 19866945 487476 0.0822 7.1478 1.1379 12.2483 3.1563 
150 9225 84536 9.1638 4596816 8148587986 1772.6592 161608 6.0788  0 19866945 487476 0.0822 7.1336 1.1381 12.2455 3.1553 
151 9214 84536 9.1747 4606030 8148672522 1769.1315 161610 6.0261  0 19866945 487476 0.0824 7.1195 1.1695 12.2428 3.1632 
152 9199 84536 9.1897 4615229 8148757058 1765.6235 161612 6.0436  0 19866945 487476 0.0825 7.1055 1.1244 12.2400 3.1683 
153 9197 84536 9.1917 4624426 8148841594 1762.1304 161614 6.0603  0 19866945 487476 0.0825 7.0915 1.1016 12.2371 3.1690 
154 9219 84536 9.1698 4633645 8148926130 1758.6427 161616 6.0787  0 19866945 487476 0.0822 7.0776 1.2013 12.2345 3.1573 
155 9242 84536 9.1469 4642887 8149010666 1755.1602 161618 6.0108  0 19866945 487476 0.0821 7.0637 1.1915 12.2319 3.1536 
156 9213 84536 9.1757 4652100 8149095202 1751.7025 161620 6.0451  0 19866945 487476 0.0824 7.0498 1.0905 12.2290 3.1635 
157 9225 84536 9.1638 4661325 8149179738 1748.2539 161622 6.0616  0 19866945 487476 0.0823 7.0361 1.1431 12.2263 3.1594 
158 9238 84536 9.1509 4670563 8149264274 1744.8141 161624 6.0788  0 19866945 487476 0.0821 7.0223 1.0426 12.2233 3.1508 
159 9194 84536 9.1947 4679757 8149348810 1741.4043 161626 6.0256  0 19866945 487476 0.0826 7.0087 1.1749 12.2206 3.1701 
160 9191 84536 9.1977 4688948 8149433346 1738.0089 161628 6.0433  0 19866945 487476 0.0826 6.9951 1.1588 12.2179 3.1711 
161 9210 84536 9.1787 4698158 8149517882 1734.6198 161630 6.0613  0 19866945 487476 0.0824 6.9815 1.1048 12.2151 3.1646 
162 9253 84536 9.1361 4707411 8149602418 1731.2281 161632 6.0708  0 19866945 487476 0.0819 6.9680 1.0706 12.2121 3.1457 
163 9203 84536 9.1857 4716614 8149686954 1727.8680 161634 6.0281  0 19866945 487476 0.0825 6.9545 1.1145 12.2093 3.1670 
164 9192 84536 9.1967 4725806 8149771490 1724.5251 161636 6.0437  0 19866945 487476 0.0826 6.9412 1.1016 12.2065 3.1708 
165 9200 84536 9.1887 4735006 8149856026 1721.1924 161638 6.0609  0 19866945 487476 0.0825 6.9279 1.1379 12.2037 3.1680 
166 9248 84536 9.1410 4744254 8149940562 1717.8551 161640 6.0705  0 19866945 487476 0.0820 6.9145 1.2089 12.2011 3.1474 
167 9201 84536 9.1877 4753455 8150025098 1714.5477 161642 6.0265  0 19866945 487476 0.0825 6.9013 1.1588 12.1985 3.1677 
168 9233 84536 9.1559 4762688 8150109634 1711.2416 161644 6.0300  0 19866945 487476 0.0822 6.8881 1.1244 12.1957 3.1567 
169 9207 84536 9.1817 4771895 8150194170 1707.9575 161646 6.0608  0 19866945 487476 0.0824 6.8749 1.2048 12.1931 3.1656 
170 9218 84536 9.1708 4781113 8150278706 1704.6823 161648 6.0787  0 19866945 487476 0.0822 6.8618 1.1825 12.1905 3.1576 
171 9194 84536 9.1947 4790307 8150363242 1701.4281 161650 6.0266  0 19866945 487476 0.0826 6.8488 1.1517 12.1878 3.1701 
172 9212 84536 9.1767 4799519 8150447778 1698.1801 161652 6.0450  0 19866945 487476 0.0824 6.8358 1.0937 12.1849 3.1639 
173 9217 84536 9.1717 4808736 8150532314 1694.9427 161654 6.0619  0 19866945 487476 0.0823 6.8229 1.0984 12.1821 3.1622 
174 9235 84536 9.1539 4817971 8150616850 1691.7115 161656 6.0704  0 19866945 487476 0.0821 6.8100 1.1555 12.1794 3.1518 
175 9194 84536 9.1947 4827165 8150701386 1688.5070 161658 6.0269  0 19866945 487476 0.0826 6.7972 1.1261 12.1766 3.1701 
176 9191 84536 9.1977 4836356 8150785922 1685.3156 161660 6.0438  0 19866945 487476 0.0826 6.7844 1.1659 12.1740 3.1711 
177 9214 84536 9.1747 4845570 8150870458 1682.1283 161662 6.0613  0 19866945 487476 0.0824 6.7717 1.1362 12.1712 3.1632 
178 9239 84536 9.1499 4854809 8150954994 1678.9446 161664 6.0790  0 19866945 487476 0.0820 6.7589 1.1147 12.1684 3.1505 
179 9215 84536 9.1737 4864024 8151039530 1675.7811 161666 6.0271  0 19866945 487476 0.0824 6.7463 1.1749 12.1658 3.1628 
180 9195 84536 9.1937 4873219 8151124066 1672.6365 161668 6.0428  0 19866945 487476 0.0825 6.7337 1.1934 12.1632 3.1697 
181 9234 84536 9.1549 4882453 8151208602 1669.4904 161670 6.0501  0 19866945 487476 0.0822 6.7211 1.1379 12.1605 3.1563 
182 9229 84536 9.1598 4891682 8151293138 1666.3579 161672 6.0788  0 19866945 487476 0.0821 6.7086 1.1082 12.1577 3.1539 
183 9201 84536 9.1877 4900883 8151377674 1663.2468 161674 6.0265  0 19866945 487476 0.0825 6.6962 1.1588 12.1550 3.1677 
184 9199 84536 9.1897 4910082 8151462210 1660.1479 161676 6.0442  0 19866945 487476 0.0825 6.6838 1.1278 12.1523 3.1683 
185 9197 84536 9.1917 4919279 8151546746 1657.0613 161678 6.0606  0 19866945 487476 0.0825 6.6714 1.2067 12.1497 3.1690 
186 9211 84536 9.1777 4928490 8151631282 1653.9816 161680 6.0785  0 19866945 487476 0.0823 6.6591 1.1716 12.1471 3.1600 
187 9293 84536 9.0967 4937783 8151715818 1650.8857 161682 6.0136  0 19866945 487476 0.0817 6.6467 1.1032 12.1443 3.1363 
188 9312 84536 9.0782 4947095 8151800354 1647.7954 161684 6.0462  0 19866945 487476 0.0815 6.6344 1.1145 12.1415 3.1299 
189 9354 84536 9.0374 4956449 8151884890 1644.7026 161686 6.0643  0 19866945 487476 0.0811 6.6220 1.1162 12.1387 3.1158 
190 9352 84536 9.0393 4965801 8151969426 1641.6222 161688 6.0809  0 19866945 487476 0.0811 6.6097 1.1001 12.1359 3.1124 
191 9323 84536 9.0675 4975124 8152053962 1638.5630 161690 6.0290  0 19866945 487476 0.0814 6.5975 1.1553 12.1333 3.1262 
192 9333 84536 9.0578 4984457 8152138498 1635.5120 161692 6.0468  0 19866945 487476 0.0813 6.5853 1.1786 12.1307 3.1229 
193 9286 84536 9.1036 4993743 8152223034 1632.4875 161694 6.0624  0 19866945 487476 0.0817 6.5732 1.0984 12.1278 3.1387 
194 9253 84536 9.1361 5002996 8152307570 1629.4851 161696 6.0708  0 19866945 487476 0.0819 6.5612 1.0706 12.1249 3.1457 
195 9212 84536 9.1767 5012208 8152392106 1626.5072 161698 6.0268  0 19866945 487476 0.0824 6.5492 1.1448 12.1223 3.1639 
196 9199 84536 9.1897 5021407 8152476642 1623.5443 161700 6.0448  0 19866945 487476 0.0825 6.5374 1.1096 12.1195 3.1683 
197 9200 84536 9.1887 5030607 8152561178 1620.5919 161702 6.0617  0 19866945 487476 0.0825 6.5256 1.1064 12.1167 3.1680 
198 9248 84536 9.1410 5039855 8152645714 1617.6350 161704 6.0705  0 19866945 487476 0.0820 6.5138 1.2089 12.1142 3.1474 
199 9212 84536 9.1767 5049067 8152730250 1614.7003 161706 6.0288  0 19866945 487476 0.0824 6.5020 1.1016 12.1114 3.1639 
200 9233 84536 9.1559 5058300 8152814786 1611.7697 161708 6.0305  0 19866945 487476 0.0822 6.4903 1.1278 12.1086 3.1567 
201 9207 84536 9.1817 5067507 8152899322 1608.8580 161710 6.0608  0 19866945 487476 0.0824 6.4787 1.2048 12.1061 3.1656 
202 9218 84536 9.1708 5076725 8152983858 1605.9535 161712 6.0787  0 19866945 487476 0.0822 6.4671 1.1825 12.1035 3.1576 
203 9194 84536 9.1947 5085919 8153068394 1603.0669 161714 6.0289  0 19866945 487476 0.0826 6.4555 1.1064 12.1007 3.1701 
204 9208 84536 9.1807 5095127 8153152930 1600.1864 161716 6.0436  0 19866945 487476 0.0824 6.4440 1.1195 12.0980 3.1652 
205 9217 84536 9.1717 5104344 8153237466 1597.3135 161718 6.0612  0 19866945 487476 0.0823 6.4325 1.1328 12.0953 3.1622 
206 9231 84536 9.1578 5113575 8153322002 1594.4465 161720 6.0704  0 19866945 487476 0.0821 6.4211 1.0426 12.0923 3.1532 
207 9191 84536 9.1977 5122766 8153406538 1591.6024 161722 6.0286  0 19866945 487476 0.0826 6.4097 1.1080 12.0896 3.1711 
208 9208 84536 9.1807 5131974 8153491074 1588.7631 161724 6.0438  0 19866945 487476 0.0824 6.3983 1.1345 12.0869 3.1652 
209 9208 84536 9.1807 5141182 8153575610 1585.9340 161726 6.0611  0 19866945 487476 0.0824 6.3870 1.1080 12.0841 3.1652 
210 9229 84536 9.1598 5150411 8153660146 1583.1086 161728 6.0786  0 19866945 487476 0.0821 6.3757 1.1033 12.0813 3.1539 
211 9212 84536 9.1767 5159623 8153744682 1580.2986 161730 6.0268  0 19866945 487476 0.0824 6.3645 1.1448 12.0787 3.1639 
212 9192 84536 9.1967 5168815 8153829218 1577.5046 161732 6.0450  0 19866945 487476 0.0826 6.3533 1.1000 12.0759 3.1708 
213 9234 84536 9.1549 5178049 8153913754 1574.7078 161734 6.0502  0 19866945 487476 0.0822 6.3421 1.1145 12.0731 3.1563 
214 9249 84536 9.1400 5187298 8153998290 1571.9163 161736 6.0707  0 19866945 487476 0.0820 6.3310 1.1082 12.0704 3.1471 
215 9211 84536 9.1777 5196509 8154082826 1569.1462 161738 6.0273  0 19866945 487476 0.0824 6.3199 1.1048 12.0676 3.1642 
216 9211 84536 9.1777 5205720 8154167362 1566.3861 161740 6.0433  0 19866945 487476 0.0824 6.3089 1.1731 12.0650 3.1642 
217 9239 84536 9.1499 5214959 8154251898 1563.6272 161742 6.0504  0 19866945 487476 0.0822 6.2978 1.1606 12.0624 3.1546 
218 9211 84536 9.1777 5224170 8154336434 1560.8865 161744 6.0785  0 19866945 487476 0.0823 6.2869 1.1716 12.0598 3.1600 
219 9228 84536 9.1608 5233398 8154420970 1558.1503 161746 6.0109  0 19866945 487476 0.0822 6.2759 1.1414 12.0571 3.1584 
220 9198 84536 9.1907 5242596 8154505506 1555.4327 161748 6.0434  0 19866945 487476 0.0825 6.2651 1.1113 12.0544 3.1687 
221 9217 84536 9.1717 5251813 8154590042 1552.7191 161750 6.0612  0 19866945 487476 0.0823 6.2542 1.1328 12.0517 3.1622 
222 9238 84536 9.1509 5261051 8154674578 1550.0087 161752 6.0788  0 19866945 487476 0.0821 6.2434 1.0426 12.0488 3.1508 
223 9190 84536 9.1987 5270241 8154759114 1547.3219 161754 6.0255  0 19866945 487476 0.0826 6.2326 1.1953 12.0462 3.1714 
224 9211 84536 9.1777 5279452 8154843650 1544.6383 161756 6.0433  0 19866945 487476 0.0824 6.2219 1.1517 12.0436 3.1642 
225 9210 84536 9.1787 5288662 8154928186 1541.9644 161758 6.0613  0 19866945 487476 0.0824 6.2112 1.1048 12.0409 3.1646 
226 9253 84536 9.1361 5297915 8155012722 1539.2872 161760 6.0708  0 19866945 487476 0.0819 6.2005 1.0706 12.0380 3.1457 
227 9203 84536 9.1857 5307118 8155097258 1536.6338 161762 6.0281  0 19866945 487476 0.0825 6.1899 1.1145 12.0353 3.1670 
228 9199 84536 9.1897 5316317 8155181794 1533.9908 161764 6.0433  0 19866945 487476 0.0825 6.1793 1.1677 12.0327 3.1683 
229 9197 84536 9.1917 5325514 8155266330 1531.3577 161766 6.0608  0 19866945 487476 0.0825 6.1688 1.1195 12.0300 3.1690 
230 9225 84536 9.1638 5334739 8155350866 1528.7255 161768 6.0785  0 19866945 487476 0.0822 6.1583 1.2089 12.0275 3.1553 
231 9211 84536 9.1777 5343950 8155435402 1526.1062 161770 6.0273  0 19866945 487476 0.0824 6.1478 1.1048 12.0248 3.1642 
232 9233 84536 9.1559 5353183 8155519938 1523.4899 161772 6.0300  0 19866945 487476 0.0822 6.1373 1.1244 12.0221 3.1567 
233 9207 84536 9.1817 5362390 8155604474 1520.8899 161774 6.0605  0 19866945 487476 0.0824 6.1269 1.1767 12.0195 3.1656 
234 9218 84536 9.1708 5371608 8155689010 1518.2957 161776 6.0784  0 19866945 487476 0.0822 6.1166 1.2147 12.0170 3.1576 
235 9194 84536 9.1947 5380802 8155773546 1515.7170 161778 6.0266  0 19866945 487476 0.0826 6.1063 1.1517 12.0144 3.1701 
236 9239 84536 9.1499 5390041 8155858082 1513.1346 161780 6.0445  0 19866945 487476 0.0822 6.0959 1.1311 12.0118 3.1546 
237 9362 84536 9.0297 5399403 8155942618 1510.5267 161782 6.0643  0 19866945 487476 0.0811 6.0855 1.1934 12.0092 3.1132 
238 9367 84536 9.0249 5408770 8156027154 1507.9265 161784 6.0727  0 19866945 487476 0.0809 6.0751 1.1001 12.0065 3.1074 
239 9324 84536 9.0665 5418094 8156111690 1505.3470 161786 6.0290  0 19866945 487476 0.0814 6.0648 1.1659 12.0039 3.1259 
240 9333 84536 9.0578 5427427 8156196226 1502.7740 161788 6.0478  0 19866945 487476 0.0813 6.0545 1.1345 12.0013 3.1229 
241 9313 84536 9.0772 5436740 8156280762 1500.2153 161790 6.0632  0 19866945 487476 0.0815 6.0443 1.1414 11.9986 3.1296 
242 9339 84536 9.0519 5446079 8156365298 1497.6583 161792 6.0809  0 19866945 487476 0.0812 6.0340 1.1163 11.9959 3.1167 
243 9203 84536 9.1857 5455282 8156449834 1495.1472 161794 6.0281  0 19866945 487476 0.0825 6.0240 1.1145 11.9932 3.1670 
244 9198 84536 9.1907 5464480 8156534370 1492.6460 161796 6.0429  0 19866945 487476 0.0825 6.0140 1.1695 11.9907 3.1687 
245 9234 84536 9.1549 5473714 8156618906 1490.1434 161798 6.0501  0 19866945 487476 0.0822 6.0040 1.1379 11.9880 3.1563 
246 9229 84536 9.1598 5482943 8156703442 1487.6505 161800 6.0788  0 19866945 487476 0.0821 5.9940 1.1082 11.9853 3.1539 
247 9201 84536 9.1877 5492144 8156787978 1485.1738 161802 6.0265  0 19866945 487476 0.0825 5.9841 1.1588 11.9827 3.1677 
248 9199 84536 9.1897 5501343 8156872514 1482.7057 161804 6.0436  0 19866945 487476 0.0825 5.9742 1.1244 11.9800 3.1683 
249 9197 84536 9.1917 5510540 8156957050 1480.2465 161806 6.0606  0 19866945 487476 0.0825 5.9644 1.2067 11.9776 3.1690 
250 9225 84536 9.1638 5519765 8157041586 1477.7878 161808 6.0785  0 19866945 487476 0.0822 5.9546 1.1131 11.9749 3.1553 
251 9228 84536 9.1608 5528993 8157126122 1475.3367 161810 6.0102  0 19866945 487476 0.0822 5.9448 1.1517 11.9723 3.1584 
252 9213 84536 9.1757 5538206 8157210658 1472.8977 161812 6.0436  0 19866945 487476 0.0824 5.9350 1.1786 11.9698 3.1635 
253 9217 84536 9.1717 5547423 8157295194 1470.4657 161814 6.0619  0 19866945 487476 0.0823 5.9253 1.0984 11.9670 3.1622 
254 9238 84536 9.1509 5556661 8157379730 1468.0363 161816 6.0788  0 19866945 487476 0.0821 5.9156 1.0426 11.9641 3.1508 
255 9190 84536 9.1987 5565851 8157464266 1465.6274 161818 6.0278  0 19866945 487476 0.0826 5.9060 1.0952 11.9614 3.1714 
256 9191 84536 9.1977 5575042 8157548802 1463.2264 161820 6.0438  0 19866945 487476 0.0826 5.8964 1.1659 11.9588 3.1711 
257 9199 84536 9.1897 5584241 8157633338 1460.8312 161822 6.0607  0 19866945 487476 0.0825 5.8868 1.1500 11.9562 3.1683 
258 9253 84536 9.1361 5593494 8157717874 1458.4297 161824 6.0708  0 19866945 487476 0.0819 5.8772 1.0706 11.9534 3.1457 
259 9211 84536 9.1777 5602705 8157802410 1456.0471 161826 6.0268  0 19866945 487476 0.0824 5.8677 1.0984 11.9507 3.1642 
260 9192 84536 9.1967 5611897 8157886946 1453.6772 161828 6.0437  0 19866945 487476 0.0826 5.8582 1.1016 11.9480 3.1708 
261 9197 84536 9.1917 5621094 8157971482 1451.3138 161830 6.0608  0 19866945 487476 0.0825 5.8487 1.1195 11.9453 3.1690 
262 9225 84536 9.1638 5630319 8158056018 1448.9509 161832 6.0785  0 19866945 487476 0.0822 5.8393 1.2089 11.9429 3.1553 
263 9201 84536 9.1877 5639520 8158140554 1446.6019 161834 6.0265  0 19866945 487476 0.0825 5.8299 1.1588 11.9403 3.1677 
264 9233 84536 9.1559 5648753 8158225090 1444.2523 161836 6.0305  0 19866945 487476 0.0822 5.8205 1.1278 11.9377 3.1567 
265 9207 84536 9.1817 5657960 8158309626 1441.9171 161838 6.0608  0 19866945 487476 0.0824 5.8112 1.2048 11.9352 3.1656 
266 9218 84536 9.1708 5667178 8158394162 1439.5868 161840 6.0787  0 19866945 487476 0.0822 5.8018 1.1825 11.9327 3.1576 
267 9194 84536 9.1947 5676372 8158478698 1437.2699 161842 6.0289  0 19866945 487476 0.0826 5.7926 1.1064 11.9300 3.1701 
268 9212 84536 9.1767 5685584 8158563234 1434.9561 161844 6.0450  0 19866945 487476 0.0824 5.7833 1.0937 11.9273 3.1639 
269 9217 84536 9.1717 5694801 8158647770 1432.6484 161846 6.0612  0 19866945 487476 0.0823 5.7741 1.1328 11.9247 3.1622 
270 9235 84536 9.1539 5704036 8158732306 1430.3438 161848 6.0704  0 19866945 487476 0.0821 5.7649 1.1537 11.9221 3.1518 
271 9191 84536 9.1977 5713227 8158816842 1428.0575 161850 6.0268  0 19866945 487476 0.0826 5.7557 1.1500 11.9195 3.1711 
272 9191 84536 9.1977 5722418 8158901378 1425.7786 161852 6.0435  0 19866945 487476 0.0826 5.7466 1.1500 11.9170 3.1711 
273 9210 84536 9.1787 5731628 8158985914 1423.5023 161854 6.0608  0 19866945 487476 0.0824 5.7375 1.0355 11.9141 3.1646 
274 9239 84536 9.1499 5740867 8159070450 1421.2261 161856 6.0790  0 19866945 487476 0.0820 5.7284 1.1147 11.9114 3.1505 
275 9211 84536 9.1777 5750078 8159154986 1418.9642 161858 6.0288  0 19866945 487476 0.0824 5.7194 1.1016 11.9087 3.1642 
276 9199 84536 9.1897 5759277 8159239522 1416.7125 161860 6.0448  0 19866945 487476 0.0825 5.7104 1.1096 11.9060 3.1683 
277 9234 84536 9.1549 5768511 8159324058 1414.4594 161862 6.0508  0 19866945 487476 0.0822 5.7014 1.1064 11.9033 3.1563 
278 9229 84536 9.1598 5777740 8159408594 1412.2146 161864 6.0788  0 19866945 487476 0.0821 5.6924 1.1082 11.9007 3.1539 
279 9212 84536 9.1767 5786952 8159493130 1409.9811 161866 6.0273  0 19866945 487476 0.0824 5.6835 1.1991 11.8982 3.1639 
280 9199 84536 9.1897 5796151 8159577666 1407.7579 161868 6.0442  0 19866945 487476 0.0825 5.6746 1.1278 11.8956 3.1683 
281 9197 84536 9.1917 5805348 8159662202 1405.5422 161870 6.0606  0 19866945 487476 0.0825 5.6657 1.2067 11.8932 3.1690 
282 9225 84536 9.1638 5814573 8159746738 1403.3269 161872 6.0785  0 19866945 487476 0.0822 5.6569 1.1131 11.8905 3.1553 
283 9228 84536 9.1608 5823801 8159831274 1401.1178 161874 6.0125  0 19866945 487476 0.0822 5.6480 1.1064 11.8878 3.1584 
284 9198 84536 9.1907 5832999 8159915810 1398.9230 161876 6.0434  0 19866945 487476 0.0825 5.6392 1.1113 11.8852 3.1687 
285 9217 84536 9.1717 5842216 8160000346 1396.7303 161878 6.0612  0 19866945 487476 0.0823 5.6305 1.1328 11.8826 3.1622 
286 9238 84536 9.1509 5851454 8160084882 1394.5397 161880 6.0788  0 19866945 487476 0.0821 5.6217 1.0426 11.8797 3.1508 
287 9190 84536 9.1987 5860644 8160169418 1392.3673 161882 6.0255  0 19866945 487476 0.0826 5.6130 1.1953 11.8773 3.1714 
288 9243 84536 9.1459 5869887 8160253954 1390.1893 161884 6.0454  0 19866945 487476 0.0821 5.6043 1.1228 11.8747 3.1533 
289 9313 84536 9.0772 5879200 8160338490 1388.0015 161886 6.0632  0 19866945 487476 0.0815 5.5956 1.1414 11.8721 3.1296 
290 10285 8585984 834.8064 5889485 8168924474 1387.0355 162142 39.6714  0 19873051 487476 0.3469 5.5864 1.4097 11.8625 30.3466 
291 2191 21500 9.8129 5891676 8168945974 1386.5233 162162 1.5625  0 19873198 487476 0.1077 5.5844 1.1569 11.8618 8.1322 
292 28793 559580 19.4346 5920469 8169505554 1379.8748 162164 16.2407  0 19873198 487476 0.1006 5.5577 1.2151 11.8526 4.3251 
293 50336 10219520 203.0261 5970805 8179725074 1369.9535 162180 24.8679  0 19873358 487476 1.2025 5.5210 4.9442 11.8223 47.6003 
294 382 17408 45.5707 5971187 8179742482 1369.8688 162724 10.2165  0 19873358 487476 4.2723 5.5209 10.5290 11.8222 164.0545 
295 154616 620840658 4015.3713 6125803 8800583140 1436.6415 180132 42.7868  0 20052405 487476 9.8699 5.6307 10.3693 11.7494 379.0825 
296 113384 190341120 1678.7300 6239187 8990924260 1441.0409 180452 47.2434  0 22377019 487476 9.3925 5.6990 9.7157 11.6762 360.6723 
297 77844 48665600 625.1683 6317031 9039589860 1430.9871 181732 92.3693  0 23539626 487476 9.7374 5.7488 10.0943 11.6381 373.9171 
298 55053 122757120 2229.7988 6372084 9162346980 1437.8885 184292 89.5677  0 24407148 487476 8.3701 5.7715 9.4630 11.6047 321.4125 
299 2456 1075000 437.7036 6374540 9163421980 1437.5032 185292 18.5749  0 24408263 487476 3.3241 5.7705 8.5042 11.6037 135.3381 
300 30187 8977800 297.4062 6404727 9172399780 1432.1298 185392 10.2401  0 24426286 487476 1.4356 5.7501 6.0566 11.5912 71.0006 
301 25214 52658176 2088.4500 6429941 9225057956 1434.7034 185904 45.1316  0 24735473 487476 10.9653 5.7705 11.5094 11.5906 421.0689 
302 334 4608 13.7964 6430275 9225062564 1434.6295 186048 2.7870  0 24735473 487476 1.2934 5.7703 3.5410 11.5903 49.6671 
303 167045 596373400 3570.1360 6597320 9821435964 1488.7008 195264 42.7704  0 25441793 487701 13.8354 5.9745 15.3290 11.7585 532.7698 
304 93225 134144000 1438.9274 6690545 9955579964 1488.0073 196064 68.2048  0 27020042 487701 6.0773 5.9759 8.6213 11.6982 237.5219 
305 14278 33190400 2324.5833 6704823 9988770364 1489.7889 199264 87.8017  0 27021099 487701 17.9678 6.0015 20.8369 11.7310 689.9629 
306 12612 35758080 2835.2427 6717435 10024528444 1492.3149 199776 67.1551  0 27021099 487701 10.1491 6.0093 13.4680 11.7358 389.7241 
307 127827 127883520 1000.4421 6845262 10152411964 1483.1298 199808 6.2452  0 27026450 487701 1.9431 5.9333 4.1722 11.6071 168.3451 
308 2256 3010560 1334.4681 6847518 10155422524 1483.0808 200064 19.1640  0 27026450 487701 15.1489 5.9364 19.5627 11.6110 581.7191 
309 168454 5561344 33.0140 7015972 10160983868 1448.2646 200320 5.1271  0 27026450 487701 0.8556 5.8144 1.8377 11.3969 32.8548 
310 9393 84536 8.9999 7025365 10161068404 1446.3402 200322 6.0735  0 27026450 487701 0.0807 5.8067 1.0875 11.3949 3.0988 
311 9272 84536 9.1173 7034637 10161152940 1444.4459 200324 6.0303  0 27026450 487701 0.0819 5.7992 1.1032 11.3929 3.1434 
312 9321 84536 9.0694 7043958 10161237476 1442.5465 200326 6.0462  0 27026450 487701 0.0814 5.7916 1.1345 11.3910 3.1269 
313 9341 84536 9.0500 7053299 10161322012 1440.6481 200328 6.0642  0 27026450 487701 0.0813 5.7840 1.0797 11.3890 3.1202 
314 9331 84536 9.0597 7062630 10161406548 1438.7568 200330 6.0807  0 27026450 487701 0.0812 5.7765 1.1347 11.3871 3.1194 
315 9317 84536 9.0733 7071947 10161491084 1436.8732 200332 6.0286  0 27026450 487701 0.0815 5.7690 1.1553 11.3852 3.1282 
316 9245 84536 9.1440 7081192 10161575620 1435.0093 200334 6.0300  0 27026450 487701 0.0821 5.7616 1.0984 11.3832 3.1526 
317 9204 84536 9.1847 7090396 10161660156 1433.1583 200336 6.0611  0 27026450 487701 0.0825 5.7542 1.1500 11.3813 3.1666 
318 9224 84536 9.1648 7099620 10161744692 1431.3082 200338 6.0787  0 27026450 487701 0.0822 5.7468 1.0891 11.3793 3.1556 
319 9211 84536 9.1777 7108831 10161829228 1429.4656 200340 6.0270  0 27026450 487701 0.0824 5.7395 1.1261 11.3774 3.1642 
320 9212 84536 9.1767 7118043 10161913764 1427.6274 200342 6.0440  0 27026450 487701 0.0824 5.7322 1.1178 11.3755 3.1639 
321 9224 84536 9.1648 7127267 10161998300 1425.7916 200344 6.0613  0 27026450 487701 0.0823 5.7249 1.1096 11.3735 3.1598 
322 9235 84536 9.1539 7136502 10162082836 1423.9585 200346 6.0704  0 27026450 487701 0.0821 5.7176 1.1844 11.3717 3.1518 
323 9198 84536 9.1907 7145700 10162167372 1422.1375 200348 6.0285  0 27026450 487701 0.0825 5.7103 1.0827 11.3697 3.1687 
324 9209 84536 9.1797 7154909 10162251908 1420.3188 200350 6.0451  0 27026450 487701 0.0824 5.7031 1.0858 11.3677 3.1649 
325 9210 84536 9.1787 7164119 10162336444 1418.5048 200352 6.0610  0 27026450 487701 0.0824 5.6958 1.1016 11.3657 3.1646 
326 9236 84536 9.1529 7173355 10162420980 1416.6901 200354 6.0792  0 27026450 487701 0.0821 5.6886 1.1485 11.3638 3.1515 
327 9212 84536 9.1767 7182567 10162505516 1414.8849 200356 6.0266  0 27026450 487701 0.0824 5.6814 1.0921 11.3618 3.1639 
328 9199 84536 9.1897 7191766 10162590052 1413.0868 200358 6.0438  0 27026450 487701 0.0825 5.6743 1.1767 11.3600 3.1683 
329 9244 84536 9.1450 7201010 10162674588 1411.2847 200360 6.0505  0 27026450 487701 0.0821 5.6671 1.0937 11.3580 3.1529 
330 9231 84536 9.1578 7210241 10162759124 1409.4895 200362 6.0701  0 27026450 487701 0.0821 5.6599 1.1398 11.3561 3.1532 
331 9207 84536 9.1817 7219448 10162843660 1407.7037 200364 6.0262  0 27026450 487701 0.0824 5.6528 1.1345 11.3542 3.1656 
332 9201 84536 9.1877 7228649 10162928196 1405.9237 200366 6.0433  0 27026450 487701 0.0825 5.6457 1.1162 11.3523 3.1677 
333 9238 84536 9.1509 7237887 10163012732 1404.1409 200368 6.0503  0 27026450 487701 0.0822 5.6386 1.1500 11.3504 3.1550 
334 9222 84536 9.1668 7247109 10163097268 1402.3657 200370 6.0787  0 27026450 487701 0.0822 5.6316 1.1313 11.3485 3.1563 
335 9244 84536 9.1450 7256353 10163181804 1400.5908 200372 6.0121  0 27026450 487701 0.0821 5.6245 1.0968 11.3465 3.1529 
336 9235 84536 9.1539 7265588 10163266340 1398.8223 200374 6.0295  0 27026450 487701 0.0822 5.6174 1.1362 11.3447 3.1560 
337 9210 84536 9.1787 7274798 10163350876 1397.0629 200376 6.0606  0 27026450 487701 0.0824 5.6104 1.1588 11.3428 3.1646 
338 9301 84536 9.0889 7284099 10163435412 1395.2906 200378 6.0792  0 27026450 487701 0.0815 5.6034 1.1844 11.3410 3.1295 
339 9198 84536 9.1907 7293297 10163519948 1393.5425 200380 6.0265  0 27026450 487701 0.0825 5.5964 1.1448 11.3391 3.1687 
340 9211 84536 9.1777 7302508 10163604484 1391.7964 200382 6.0437  0 27026450 487701 0.0824 5.5895 1.0968 11.3371 3.1642 
341 9213 84536 9.1757 7311721 10163689020 1390.0543 200384 6.0607  0 27026450 487701 0.0824 5.5825 1.1379 11.3353 3.1635 
342 9260 84536 9.1292 7320981 10163773556 1388.3076 200386 6.0709  0 27026450 487701 0.0819 5.5756 1.0906 11.3333 3.1433 
343 9200 84536 9.1887 7330181 10163858092 1386.5768 200388 6.0258  0 27026450 487701 0.0825 5.5687 1.1695 11.3314 3.1680 
344 9199 84536 9.1897 7339380 10163942628 1384.8502 200390 6.0433  0 27026450 487701 0.0825 5.5618 1.1841 11.3296 3.1683 
345 9204 84536 9.1847 7348584 10164027164 1383.1273 200392 6.0609  0 27026450 487701 0.0825 5.5549 1.1295 11.3277 3.1666 
346 9209 84536 9.1797 7357793 10164111700 1381.4076 200394 6.0785  0 27026450 487701 0.0823 5.5481 1.1398 11.3259 3.1607 
347 9211 84536 9.1777 7367004 10164196236 1379.6920 200396 6.0268  0 27026450 487701 0.0824 5.5412 1.1804 11.3240 3.1642 
348 9245 84536 9.1440 7376249 10164280772 1377.9741 200398 6.0311  0 27026450 487701 0.0821 5.5344 1.0874 11.3221 3.1526 
349 9199 84536 9.1897 7385448 10164365308 1376.2693 200400 6.0611  0 27026450 487701 0.0825 5.5276 1.1048 11.3201 3.1683 
350 9211 84536 9.1777 7394659 10164449844 1374.5665 200402 6.0785  0 27026450 487701 0.0823 5.5208 1.1644 11.3183 3.1600 
351 9194 84536 9.1947 7403853 10164534380 1372.8708 200404 6.0269  0 27026450 487701 0.0826 5.5141 1.1048 11.3163 3.1701 
352 9312 84536 9.0782 7413165 10164618916 1371.1578 200406 6.0464  0 27026450 487701 0.0815 5.5072 1.1345 11.3145 3.1299 
353 9362 84536 9.0297 7422527 10164703452 1369.4397 200408 6.0643  0 27026450 487701 0.0811 5.5004 1.1934 11.3127 3.1132 
354 9367 84536 9.0249 7431894 10164787988 1367.7251 200410 6.0727  0 27026450 487701 0.0809 5.4936 1.1001 11.3107 3.1074 
355 9323 84536 9.0675 7441217 10164872524 1366.0228 200412 6.0295  0 27026450 487701 0.0814 5.4868 1.1878 11.3089 3.1262 
356 9328 84536 9.0626 7450545 10164957060 1364.3240 200414 6.0478  0 27026450 487701 0.0814 5.4800 1.0383 11.3069 3.1245 
357 9320 84536 9.0704 7459865 10165041596 1362.6307 200416 6.0641  0 27026450 487701 0.0814 5.4733 1.0968 11.3049 3.1272 
358 9281 84536 9.1085 7469146 10165126132 1360.9490 200418 6.0794  0 27026450 487701 0.0817 5.4666 1.1180 11.3030 3.1362 
359 9211 84536 9.1777 7478357 10165210668 1359.2841 200420 6.0288  0 27026450 487701 0.0824 5.4599 1.1016 11.3010 3.1642 
360 9198 84536 9.1907 7487555 10165295204 1357.6255 200422 6.0444  0 27026450 487701 0.0825 5.4533 1.1080 11.2991 3.1687 
361 9234 84536 9.1549 7496789 10165379740 1355.9646 200424 6.0503  0 27026450 487701 0.0822 5.4467 1.1677 11.2973 3.1563 
362 9225 84536 9.1638 7506014 10165464276 1354.3092 200426 6.0788  0 27026450 487701 0.0822 5.4401 1.1381 11.2954 3.1553 
363 9210 84536 9.1787 7515224 10165548812 1352.6608 200428 6.0285  0 27026450 487701 0.0824 5.4336 1.1396 11.2935 3.1646 
364 9199 84536 9.1897 7524423 10165633348 1351.0183 200430 6.0436  0 27026450 487701 0.0825 5.4270 1.1244 11.2916 3.1683 
365 9197 84536 9.1917 7533620 10165717884 1349.3802 200432 6.0611  0 27026450 487701 0.0825 5.4205 1.1211 11.2897 3.1690 
366 9218 84536 9.1708 7542838 10165802420 1347.7423 200434 6.0787  0 27026450 487701 0.0822 5.4140 1.1825 11.2879 3.1576 
367 9228 84536 9.1608 7552066 10165886956 1346.1067 200436 6.0109  0 27026450 487701 0.0822 5.4075 1.1414 11.2861 3.1584 
368 9198 84536 9.1907 7561264 10165971492 1344.4805 200438 6.0434  0 27026450 487701 0.0825 5.4010 1.1113 11.2842 3.1687 
369 9225 84536 9.1638 7570489 10166056028 1342.8533 200440 6.0613  0 27026450 487701 0.0823 5.3945 1.1379 11.2823 3.1594 
370 9222 84536 9.1668 7579711 10166140564 1341.2307 200442 6.0785  0 27026450 487701 0.0822 5.3880 1.1537 11.2805 3.1563 
371 9194 84536 9.1947 7588905 10166225100 1339.6168 200444 6.0266  0 27026450 487701 0.0826 5.3816 1.1261 11.2786 3.1701 
372 9209 84536 9.1797 7598114 10166309636 1338.0044 200446 6.0451  0 27026450 487701 0.0824 5.3752 1.0968 11.2766 3.1649 
373 9199 84536 9.1897 7607313 10166394172 1336.3975 200448 6.0607  0 27026450 487701 0.0825 5.3688 1.1500 11.2748 3.1683 
374 9253 84536 9.1361 7616566 10166478708 1334.7852 200450 6.0708  0 27026450 487701 0.0819 5.3624 1.0706 11.2728 3.1457 
375 9203 84536 9.1857 7625769 10166563244 1333.1853 200452 6.0261  0 27026450 487701 0.0825 5.3560 1.1483 11.2709 3.1670 
376 9199 84536 9.1897 7634968 10166647780 1331.5901 200454 6.0435  0 27026450 487701 0.0825 5.3496 1.1448 11.2691 3.1683 
377 9197 84536 9.1917 7644165 10166732316 1329.9991 200456 6.0616  0 27026450 487701 0.0825 5.3433 1.0720 11.2671 3.1690 
378 9208 84536 9.1807 7653373 10166816852 1328.4099 200458 6.0782  0 27026450 487701 0.0823 5.3370 1.1844 11.2653 3.1611 
379 9210 84536 9.1787 7662583 10166901388 1326.8243 200460 6.0285  0 27026450 487701 0.0824 5.3307 1.1396 11.2635 3.1646 
380 9233 84536 9.1559 7671816 10166985924 1325.2385 200462 6.0302  0 27026450 487701 0.0822 5.3243 1.0937 11.2615 3.1567 
381 9203 84536 9.1857 7681019 10167070460 1323.6617 200464 6.0612  0 27026450 487701 0.0825 5.3181 1.1195 11.2596 3.1670 
382 9218 84536 9.1708 7690237 10167154996 1322.0861 200466 6.0787  0 27026450 487701 0.0822 5.3118 1.1825 11.2578 3.1576 
383 9208 84536 9.1807 7699445 10167239532 1320.5159 200468 6.0272  0 27026450 487701 0.0824 5.3055 1.1915 11.2561 3.1652 
384 9212 84536 9.1767 7708657 10167324068 1318.9487 200470 6.0450  0 27026450 487701 0.0824 5.2993 1.0937 11.2541 3.1639 
385 9225 84536 9.1638 7717882 10167408604 1317.3833 200472 6.0613  0 27026450 487701 0.0823 5.2931 1.1379 11.2523 3.1594 
386 9231 84536 9.1578 7727113 10167493140 1315.8204 200474 6.0704  0 27026450 487701 0.0821 5.2868 1.0426 11.2502 3.1532 
387 9197 84536 9.1917 7736310 10167577676 1314.2671 200476 6.0275  0 27026450 487701 0.0825 5.2806 1.1379 11.2484 3.1690 
388 9211 84536 9.1777 7745521 10167662212 1312.7151 200478 6.0433  0 27026450 487701 0.0824 5.2745 1.1517 11.2465 3.1642 
389 9214 84536 9.1747 7754735 10167746748 1311.1663 200480 6.0608  0 27026450 487701 0.0824 5.2683 1.1804 11.2447 3.1632 
390 9236 84536 9.1529 7763971 10167831284 1309.6174 200482 6.0792  0 27026450 487701 0.0821 5.2621 1.1364 11.2429 3.1515 
391 9203 84536 9.1857 7773174 10167915820 1308.0776 200484 6.0261  0 27026450 487701 0.0825 5.2560 1.1483 11.2411 3.1670 
392 9199 84536 9.1897 7782373 10168000356 1306.5425 200486 6.0433  0 27026450 487701 0.0825 5.2499 1.1677 11.2393 3.1683 
393 9234 84536 9.1549 7791607 10168084892 1305.0048 200488 6.0508  0 27026450 487701 0.0822 5.2438 1.1064 11.2373 3.1563 
394 9249 84536 9.1400 7800856 10168169428 1303.4684 200490 6.0707  0 27026450 487701 0.0820 5.2376 1.1082 11.2354 3.1471 
395 9212 84536 9.1767 7810068 10168253964 1301.9419 200492 6.0268  0 27026450 487701 0.0824 5.2315 1.1695 11.2336 3.1639 
396 9199 84536 9.1897 7819267 10168338500 1300.4209 200494 6.0438  0 27026450 487701 0.0825 5.2255 1.0937 11.2317 3.1683 
397 9239 84536 9.1499 7828506 10168423036 1298.8971 200496 6.0504  0 27026450 487701 0.0822 5.2194 1.1606 11.2299 3.1546 
398 9225 84536 9.1638 7837731 10168507572 1297.3790 200498 6.0785  0 27026450 487701 0.0822 5.2134 1.1131 11.2280 3.1553 
399 9242 84536 9.1469 7846973 10168592108 1295.8618 200500 6.0108  0 27026450 487701 0.0821 5.2073 1.1915 11.2262 3.1536 
400 9247 84536 9.1420 7856220 10168676644 1294.3472 200502 6.0302  0 27026450 487701 0.0821 5.2013 1.1465 11.2244 3.1519 
401 9310 84536 9.0801 7865530 10168761180 1292.8259 200504 6.0630  0 27026450 487701 0.0815 5.1952 1.1261 11.2225 3.1306 
402 9432 84536 8.9627 7874962 10168845716 1291.2882 200506 6.0816  0 27026450 487701 0.0804 5.1891 1.1001 11.2206 3.0860 
403 9324 84536 9.0665 7884286 10168930252 1289.7719 200508 6.0290  0 27026450 487701 0.0814 5.1831 1.1641 11.2188 3.1259 
404 9333 84536 9.0578 7893619 10169014788 1288.2577 200510 6.0468  0 27026450 487701 0.0813 5.1770 1.1786 11.2171 3.1229 
405 9313 84536 9.0772 7902932 10169099324 1286.7502 200512 6.0634  0 27026450 487701 0.0815 5.1710 1.1328 11.2152 3.1296 
406 9389 84536 9.0037 7912321 10169183860 1285.2340 200514 6.0732  0 27026450 487701 0.0807 5.1650 1.1537 11.2134 3.1001 
407 9263 84536 9.1262 7921584 10169268396 1283.7418 200516 6.0301  0 27026450 487701 0.0819 5.1591 1.1345 11.2115 3.1465 
408 9198 84536 9.1907 7930782 10169352932 1282.2637 200518 6.0429  0 27026450 487701 0.0825 5.1532 1.1695 11.2098 3.1687 
409 9200 84536 9.1887 7939982 10169437468 1280.7885 200520 6.0611  0 27026450 487701 0.0825 5.1473 1.1677 11.2080 3.1680 
410 9229 84536 9.1598 7949211 10169522004 1279.3121 200522 6.0788  0 27026450 487701 0.0821 5.1414 1.1082 11.2061 3.1539 
411 9212 84536 9.1767 7958423 10169606540 1277.8419 200524 6.0268  0 27026450 487701 0.0824 5.1356 1.1695 11.2043 3.1639 
412 9233 84536 9.1559 7967656 10169691076 1276.3717 200526 6.0300  0 27026450 487701 0.0822 5.1297 1.1244 11.2024 3.1567 
413 9207 84536 9.1817 7976863 10169775612 1274.9091 200528 6.0606  0 27026450 487701 0.0824 5.1239 1.1500 11.2006 3.1656 
414 9218 84536 9.1708 7986081 10169860148 1273.4481 200530 6.0784  0 27026450 487701 0.0822 5.1181 1.2147 11.1989 3.1576 
415 9204 84536 9.1847 7995285 10169944684 1271.9928 200532 6.0266  0 27026450 487701 0.0825 5.1123 1.1991 11.1972 3.1666 
416 9208 84536 9.1807 8004493 10170029220 1270.5400 200534 6.0439  0 27026450 487701 0.0824 5.1065 1.1162 11.1953 3.1652 
417 9224 84536 9.1648 8013717 10170113756 1269.0883 200536 6.0618  0 27026450 487701 0.0823 5.1007 1.0937 11.1934 3.1598 
418 9235 84536 9.1539 8022952 10170198292 1267.6379 200538 6.0704  0 27026450 487701 0.0821 5.0949 1.1537 11.1916 3.1518 
419 9228 84536 9.1608 8032180 10170282828 1266.1921 200540 6.0104  0 27026450 487701 0.0822 5.0891 1.1261 11.1897 3.1584 
420 9189 84536 9.1997 8041369 10170367364 1264.7556 200542 6.0448  0 27026450 487701 0.0826 5.0834 1.1145 11.1878 3.1718 
421 9204 84536 9.1847 8050573 10170451900 1263.3203 200544 6.0612  0 27026450 487701 0.0825 5.0777 1.1311 11.1860 3.1666 
422 9308 84536 9.0821 8059881 10170536436 1261.8717 200546 6.0793  0 27026450 487701 0.0814 5.0719 1.1033 11.1841 3.1271 
423 9212 84536 9.1767 8069093 10170620972 1260.4417 200548 6.0268  0 27026450 487701 0.0824 5.0662 1.1448 11.1823 3.1639 
424 9192 84536 9.1967 8078285 10170705508 1259.0179 200550 6.0450  0 27026450 487701 0.0826 5.0606 1.1000 11.1804 3.1708 
425 9231 84536 9.1578 8087516 10170790044 1257.5913 200552 6.0503  0 27026450 487701 0.0822 5.0549 1.1244 11.1785 3.1574 
426 9249 84536 9.1400 8096765 10170874580 1256.1653 200554 6.0707  0 27026450 487701 0.0820 5.0492 1.1082 11.1766 3.1471 
427 9212 84536 9.1767 8105977 10170959116 1254.7480 200556 6.0288  0 27026450 487701 0.0824 5.0436 1.1016 11.1747 3.1639 
428 9199 84536 9.1897 8115176 10171043652 1253.3362 200558 6.0442  0 27026450 487701 0.0825 5.0379 1.1278 11.1729 3.1683 
429 9231 84536 9.1578 8124407 10171128188 1251.9225 200560 6.0503  0 27026450 487701 0.0822 5.0323 1.1211 11.1710 3.1574 
430 9218 84536 9.1708 8133625 10171212724 1250.5142 200562 6.0787  0 27026450 487701 0.0822 5.0267 1.1825 11.1693 3.1576 
431 9238 84536 9.1509 8142863 10171297260 1249.1057 200564 6.0102  0 27026450 487701 0.0822 5.0211 1.1991 11.1675 3.1550 
432 9213 84536 9.1757 8152076 10171381796 1247.7045 200566 6.0436  0 27026450 487701 0.0824 5.0155 1.1786 11.1658 3.1635 
433 9225 84536 9.1638 8161301 10171466332 1246.3046 200568 6.0616  0 27026450 487701 0.0823 5.0099 1.1431 11.1640 3.1594 
434 9238 84536 9.1509 8170539 10171550868 1244.9058 200570 6.0788  0 27026450 487701 0.0821 5.0044 1.0426 11.1620 3.1508 
435 9194 84536 9.1947 8179733 10171635404 1243.5168 200572 6.0261  0 27026450 487701 0.0826 4.9988 1.1244 11.1601 3.1701 
436 9211 84536 9.1777 8188944 10171719940 1242.1284 200574 6.0437  0 27026450 487701 0.0824 4.9933 1.2086 11.1584 3.1642 
437 9208 84536 9.1807 8198152 10171804476 1240.7437 200576 6.0612  0 27026450 487701 0.0824 4.9878 1.1641 11.1566 3.1652 
438 9260 84536 9.1292 8207412 10171889012 1239.3540 200578 6.0709  0 27026450 487701 0.0819 4.9823 1.1050 11.1547 3.1433 
439 9215 84536 9.1737 8216627 10171973548 1237.9744 200580 6.0276  0 27026450 487701 0.0824 4.9768 1.1080 11.1529 3.1628 
440 9199 84536 9.1897 8225826 10172058084 1236.6001 200582 6.0435  0 27026450 487701 0.0825 4.9713 1.1448 11.1511 3.1683 
441 9197 84536 9.1917 8235023 10172142620 1235.2294 200584 6.0611  0 27026450 487701 0.0825 4.9658 1.1244 11.1492 3.1690 
442 9215 84536 9.1737 8244238 10172227156 1233.8590 200586 6.0786  0 27026450 487701 0.0823 4.9604 1.1590 11.1474 3.1587 
443 9211 84536 9.1777 8253449 10172311692 1232.4922 200588 6.0273  0 27026450 487701 0.0824 4.9549 1.1048 11.1455 3.1642 
444 9233 84536 9.1559 8262682 10172396228 1231.1252 200590 6.0300  0 27026450 487701 0.0822 4.9495 1.1244 11.1437 3.1567 
445 9203 84536 9.1857 8271885 10172480764 1229.7657 200592 6.0612  0 27026450 487701 0.0825 4.9441 1.1195 11.1419 3.1670 
446 9218 84536 9.1708 8281103 10172565300 1228.4071 200594 6.0784  0 27026450 487701 0.0822 4.9386 1.2147 11.1402 3.1576 
447 9194 84536 9.1947 8290297 10172649836 1227.0549 200596 6.0274  0 27026450 487701 0.0826 4.9333 1.1414 11.1384 3.1701 
448 9208 84536 9.1807 8299505 10172734372 1225.7037 200598 6.0436  0 27026450 487701 0.0824 4.9279 1.1195 11.1365 3.1652 
449 9203 84536 9.1857 8308708 10172818908 1224.3562 200600 6.0609  0 27026450 487701 0.0825 4.9225 1.1535 11.1347 3.1670 
450 9323 84536 9.0675 8318031 10172903444 1222.9941 200602 6.0721  0 27026450 487701 0.0813 4.9171 1.1900 11.1330 3.1221 
451 9323 84536 9.0675 8327354 10172987980 1221.6351 200604 6.0295  0 27026450 487701 0.0814 4.9117 1.1878 11.1313 3.1262 
452 9328 84536 9.0626 8336682 10173072516 1220.2783 200606 6.0461  0 27026450 487701 0.0814 4.9063 1.1048 11.1294 3.1245 
453 9313 84536 9.0772 8345995 10173157052 1218.9269 200608 6.0639  0 27026450 487701 0.0815 4.9009 1.0952 11.1275 3.1296 
454 9372 84536 9.0201 8355367 10173241588 1217.5697 200610 6.0812  0 27026450 487701 0.0809 4.8955 1.1163 11.1256 3.1058 
455 9345 84536 9.0461 8364712 10173326124 1216.2196 200612 6.0300  0 27026450 487701 0.0812 4.8901 1.1295 11.1238 3.1188 
456 9261 84536 9.1282 8373973 10173410660 1214.8845 200614 6.0462  0 27026450 487701 0.0820 4.8848 1.1328 11.1220 3.1471 
457 9231 84536 9.1578 8383204 10173495196 1213.5569 200616 6.0508  0 27026450 487701 0.0822 4.8795 1.0720 11.1201 3.1574 
458 9225 84536 9.1638 8392429 10173579732 1212.2330 200618 6.0788  0 27026450 487701 0.0822 4.8742 1.1381 11.1183 3.1553 
459 9214 84536 9.1747 8401643 10173664268 1210.9137 200620 6.0263  0 27026450 487701 0.0824 4.8690 1.1972 11.1166 3.1632 
460 9199 84536 9.1897 8410842 10173748804 1209.5994 200622 6.0438  0 27026450 487701 0.0825 4.8637 1.0937 11.1147 3.1683 
461 9197 84536 9.1917 8420039 10173833340 1208.2881 200624 6.0611  0 27026450 487701 0.0825 4.8585 1.1211 11.1128 3.1690 
462 9219 84536 9.1698 8429258 10173917876 1206.9767 200626 6.0787  0 27026450 487701 0.0822 4.8533 1.2013 11.1111 3.1573 
463 9228 84536 9.1608 8438486 10174002412 1205.6667 200628 6.0102  0 27026450 487701 0.0822 4.8481 1.1517 11.1093 3.1584 
464 9213 84536 9.1757 8447699 10174086948 1204.3619 200630 6.0436  0 27026450 487701 0.0824 4.8429 1.1786 11.1076 3.1635 
465 9225 84536 9.1638 8456924 10174171484 1203.0581 200632 6.0613  0 27026450 487701 0.0823 4.8377 1.1379 11.1058 3.1594 
466 9238 84536 9.1509 8466162 10174256020 1201.7554 200634 6.0788  0 27026450 487701 0.0821 4.8325 1.0426 11.1038 3.1508 
467 9194 84536 9.1947 8475356 10174340556 1200.4617 200636 6.0271  0 27026450 487701 0.0826 4.8273 1.1500 11.1020 3.1701 
468 9211 84536 9.1777 8484567 10174425092 1199.1685 200638 6.0433  0 27026450 487701 0.0824 4.8222 1.1517 11.1003 3.1642 
469 9214 84536 9.1747 8493781 10174509628 1197.8776 200640 6.0608  0 27026450 487701 0.0824 4.8170 1.1804 11.0985 3.1632 
470 9253 84536 9.1361 8503034 10174594164 1196.5840 200642 6.0708  0 27026450 487701 0.0819 4.8119 1.0706 11.0966 3.1457 
471 9236 84536 9.1529 8512270 10174678700 1195.2957 200644 6.0101  0 27026450 487701 0.0822 4.8068 1.1483 11.0948 3.1557 
472 9198 84536 9.1907 8521468 10174763236 1194.0153 200646 6.0430  0 27026450 487701 0.0825 4.8017 1.1448 11.0930 3.1687 
473 9197 84536 9.1917 8530665 10174847772 1192.7379 200648 6.0616  0 27026450 487701 0.0825 4.7966 1.0720 11.0911 3.1690 
474 9231 84536 9.1578 8539896 10174932308 1191.4585 200650 6.0701  0 27026450 487701 0.0821 4.7915 1.1844 11.0894 3.1532 
475 9214 84536 9.1747 8549110 10175016844 1190.1843 200652 6.0263  0 27026450 487701 0.0824 4.7864 1.1500 11.0876 3.1632 
476 9242 84536 9.1469 8558352 10175101380 1188.9089 200654 6.0304  0 27026450 487701 0.0821 4.7813 1.1064 11.0858 3.1536 
477 9207 84536 9.1817 8567559 10175185916 1187.6412 200656 6.0606  0 27026450 487701 0.0824 4.7763 1.1500 11.0840 3.1656 
478 9218 84536 9.1708 8576777 10175270452 1186.3746 200658 6.0787  0 27026450 487701 0.0822 4.7712 1.1825 11.0823 3.1576 
479 9194 84536 9.1947 8585971 10175354988 1185.1140 200660 6.0266  0 27026450 487701 0.0826 4.7662 1.1517 11.0805 3.1701 
480 9208 84536 9.1807 8595179 10175439524 1183.8544 200662 6.0439  0 27026450 487701 0.0824 4.7612 1.1162 11.0787 3.1652 
481 9225 84536 9.1638 8604404 10175524060 1182.5948 200664 6.0613  0 27026450 487701 0.0823 4.7562 1.1379 11.0769 3.1594 
482 9235 84536 9.1539 8613639 10175608596 1181.3368 200666 6.0704  0 27026450 487701 0.0821 4.7512 1.1555 11.0751 3.1518 
483 9191 84536 9.1977 8622830 10175693132 1180.0874 200668 6.0268  0 27026450 487701 0.0826 4.7462 1.1500 11.0733 3.1711 
484 9191 84536 9.1977 8632021 10175777668 1178.8407 200670 6.0435  0 27026450 487701 0.0826 4.7412 1.1500 11.0716 3.1711 
485 9214 84536 9.1747 8641235 10175862204 1177.5935 200672 6.0608  0 27026450 487701 0.0824 4.7362 1.1804 11.0698 3.1632 
486 9239 84536 9.1499 8650474 10175946740 1176.3456 200674 6.0790  0 27026450 487701 0.0820 4.7313 1.1147 11.0680 3.1505 
487 9211 84536 9.1777 8659685 10176031276 1175.1041 200676 6.0268  0 27026450 487701 0.0824 4.7263 1.0984 11.0661 3.1642 
488 9198 84536 9.1907 8668883 10176115812 1173.8669 200678 6.0429  0 27026450 487701 0.0825 4.7214 1.1695 11.0644 3.1687 
489 9234 84536 9.1549 8678117 10176200348 1172.6277 200680 6.0503  0 27026450 487701 0.0822 4.7165 1.1677 11.0627 3.1563 
490 9229 84536 9.1598 8687346 10176284884 1171.3916 200682 6.0788  0 27026450 487701 0.0821 4.7115 1.1082 11.0608 3.1539 
491 9212 84536 9.1767 8696558 10176369420 1170.1606 200684 6.0276  0 27026450 487701 0.0824 4.7066 1.1517 11.0591 3.1639 
492 9199 84536 9.1897 8705757 10176453956 1168.9338 200686 6.0436  0 27026450 487701 0.0825 4.7018 1.1244 11.0572 3.1683 
493 9206 84536 9.1827 8714963 10176538492 1167.7087 200688 6.0608  0 27026450 487701 0.0824 4.6969 1.1606 11.0555 3.1659 
494 9211 84536 9.1777 8724174 10176623028 1166.4855 200690 6.0785  0 27026450 487701 0.0823 4.6920 1.1716 11.0538 3.1600 
495 9228 84536 9.1608 8733402 10176707564 1165.2627 200692 6.0104  0 27026450 487701 0.0822 4.6871 1.1048 11.0519 3.1584 
496 9247 84536 9.1420 8742649 10176792100 1164.0399 200694 6.0302  0 27026450 487701 0.0821 4.6823 1.1465 11.0502 3.1519 
497 9225 84536 9.1638 8751874 10176876636 1162.8225 200696 6.0616  0 27026450 487701 0.0823 4.6774 1.1431 11.0484 3.1594 
498 9297 84536 9.0928 8761171 10176961172 1161.5983 200698 6.0794  0 27026450 487701 0.0815 4.6725 1.0426 11.0464 3.1308 
499 9258 84536 9.1311 8770429 10177045708 1160.3817 200700 6.0294  0 27026450 487701 0.0820 4.6677 1.1032 11.0446 3.1482 
500 9333 84536 9.0578 8779762 10177130244 1159.1580 200702 6.0463  0 27026450 487701 0.0813 4.6628 1.1713 11.0428 3.1229 
501 9313 84536 9.0772 8789075 10177214780 1157.9392 200704 6.0634  0 27026450 487701 0.0815 4.6580 1.1328 11.0411 3.1296 
502 9389 84536 9.0037 8798464 10177299316 1156.7133 200706 6.0732  0 27026450 487701 0.0807 4.6531 1.1537 11.0393 3.1001 
503 9385 84536 9.0076 8807849 10177383852 1155.4902 200708 6.0147  0 27026450 487701 0.0809 4.6482 1.1623 11.0376 3.1056 
504 9328 84536 9.0626 8817177 10177468388 1154.2775 200710 6.0457  0 27026450 487701 0.0814 4.6434 1.1786 11.0359 3.1245 
505 9290 84536 9.0997 8826467 10177552924 1153.0721 200712 6.0636  0 27026450 487701 0.0817 4.6386 1.1162 11.0340 3.1373 
506 9248 84536 9.1410 8835715 10177637460 1151.8748 200714 6.0705  0 27026450 487701 0.0820 4.6338 1.2089 11.0324 3.1474 
507 9212 84536 9.1767 8844927 10177721996 1150.6847 200716 6.0273  0 27026450 487701 0.0824 4.6291 1.1991 11.0307 3.1639 
508 9233 84536 9.1559 8854160 10177806532 1149.4943 200718 6.0305  0 27026450 487701 0.0822 4.6243 1.1278 11.0289 3.1567 
509 9203 84536 9.1857 8863363 10177891068 1148.3103 200720 6.0612  0 27026450 487701 0.0825 4.6196 1.1195 11.0271 3.1670 
510 9218 84536 9.1708 8872581 10177975604 1147.1268 200722 6.0787  0 27026450 487701 0.0822 4.6149 1.1825 11.0254 3.1576 
511 9194 84536 9.1947 8881775 10178060140 1145.9489 200724 6.0269  0 27026450 487701 0.0826 4.6102 1.1048 11.0236 3.1701 
512 9212 84536 9.1767 8890987 10178144676 1144.7710 200726 6.0450  0 27026450 487701 0.0824 4.6055 1.0937 11.0217 3.1639 
513 9200 84536 9.1887 8900187 10178229212 1143.5973 200728 6.0607  0 27026450 487701 0.0825 4.6008 1.1804 11.0200 3.1680 
514 9231 84536 9.1578 8909418 10178313748 1142.4219 200730 6.0704  0 27026450 487701 0.0821 4.5962 1.0426 11.0181 3.1532 
515 9196 84536 9.1927 8918614 10178398284 1141.2534 200732 6.0264  0 27026450 487701 0.0825 4.5915 1.1767 11.0163 3.1694 
516 9189 84536 9.1997 8927803 10178482820 1140.0883 200734 6.0448  0 27026450 487701 0.0826 4.5869 1.1145 11.0145 3.1718 
517 9214 84536 9.1747 8937017 10178567356 1138.9222 200736 6.0613  0 27026450 487701 0.0824 4.5822 1.1362 11.0128 3.1632 
518 9232 84536 9.1568 8946249 10178651892 1137.7565 200738 6.0787  0 27026450 487701 0.0821 4.5776 1.1862 11.0111 3.1529 
519 9211 84536 9.1777 8955460 10178736428 1136.5956 200740 6.0288  0 27026450 487701 0.0824 4.5729 1.1016 11.0092 3.1642 
520 9192 84536 9.1967 8964652 10178820964 1135.4396 200742 6.0440  0 27026450 487701 0.0826 4.5683 1.1278 11.0074 3.1708 
521 9231 84536 9.1578 8973883 10178905500 1134.2810 200744 6.0503  0 27026450 487701 0.0822 4.5637 1.1244 11.0057 3.1574 
522 9249 84536 9.1400 8983132 10178990036 1133.1227 200746 6.0707  0 27026450 487701 0.0820 4.5591 1.1082 11.0038 3.1471 
523 9212 84536 9.1767 8992344 10179074572 1131.9713 200748 6.0291  0 27026450 487701 0.0824 4.5545 1.1328 11.0021 3.1639 
524 9216 84536 9.1727 9001560 10179159108 1130.8217 200750 6.0446  0 27026450 487701 0.0824 4.5499 1.1786 11.0004 3.1625 
525 9237 84536 9.1519 9010797 10179243644 1129.6719 200752 6.0504  0 27026450 487701 0.0822 4.5454 1.1195 10.9986 3.1553 
526 9211 84536 9.1777 9020008 10179328180 1128.5276 200754 6.0785  0 27026450 487701 0.0823 4.5408 1.1716 10.9969 3.1600 
527 9238 84536 9.1509 9029246 10179412716 1127.3824 200756 6.0097  0 27026450 487701 0.0822 4.5362 1.1295 10.9951 3.1550 
528 9232 84536 9.1568 9038478 10179497252 1126.2401 200758 6.0297  0 27026450 487701 0.0822 4.5317 1.1113 10.9933 3.1570 
529 9225 84536 9.1638 9047703 10179581788 1125.1012 200760 6.0613  0 27026450 487701 0.0823 4.5272 1.1379 10.9915 3.1594 
530 9297 84536 9.0928 9057000 10179666324 1123.9556 200762 6.0794  0 27026450 487701 0.0815 4.5226 1.0426 10.9896 3.1308 
531 9194 84536 9.1947 9066194 10179750860 1122.8252 200764 6.0266  0 27026450 487701 0.0826 4.5181 1.1261 10.9878 3.1701 
532 9211 84536 9.1777 9075405 10179835396 1121.6949 200766 6.0447  0 27026450 487701 0.0824 4.5136 1.1228 10.9860 3.1642 
533 9214 84536 9.1747 9084619 10179919932 1120.5665 200768 6.0613  0 27026450 487701 0.0824 4.5091 1.1362 10.9842 3.1632 
534 9253 84536 9.1361 9093872 10180004468 1119.4357 200770 6.0708  0 27026450 487701 0.0819 4.5046 1.0706 10.9823 3.1457 
535 9203 84536 9.1857 9103075 10180089004 1118.3132 200772 6.0261  0 27026450 487701 0.0825 4.5001 1.1483 10.9806 3.1670 
536 9199 84536 9.1897 9112274 10180173540 1117.1936 200774 6.0435  0 27026450 487701 0.0825 4.4957 1.1448 10.9788 3.1683 
537 9200 84536 9.1887 9121474 10180258076 1116.0759 200776 6.0617  0 27026450 487701 0.0825 4.4912 1.1064 10.9770 3.1680 
538 9225 84536 9.1638 9130699 10180342612 1114.9576 200778 6.0785  0 27026450 487701 0.0822 4.4868 1.2089 10.9754 3.1553 
539 9210 84536 9.1787 9139909 10180427148 1113.8434 200780 6.0285  0 27026450 487701 0.0824 4.4823 1.1396 10.9736 3.1646 
540 9233 84536 9.1559 9149142 10180511684 1112.7285 200782 6.0302  0 27026450 487701 0.0822 4.4779 1.0937 10.9718 3.1567 
541 9203 84536 9.1857 9158345 10180596220 1111.6196 200784 6.0612  0 27026450 487701 0.0825 4.4735 1.1195 10.9700 3.1670 
542 9218 84536 9.1708 9167563 10180680756 1110.5111 200786 6.0784  0 27026450 487701 0.0822 4.4690 1.2147 10.9684 3.1576 
543 9194 84536 9.1947 9176757 10180765292 1109.4078 200788 6.0266  0 27026450 487701 0.0826 4.4647 1.1517 10.9667 3.1701 
544 9213 84536 9.1757 9185970 10180849828 1108.3042 200790 6.0436  0 27026450 487701 0.0824 4.4603 1.1786 10.9650 3.1635 
545 9203 84536 9.1857 9195173 10180934364 1107.2042 200792 6.0609  0 27026450 487701 0.0825 4.4559 1.1535 10.9632 3.1670 
546 9231 84536 9.1578 9204404 10181018900 1106.1030 200794 6.0704  0 27026450 487701 0.0821 4.4515 1.0426 10.9613 3.1532 
547 9225 84536 9.1638 9213629 10181103436 1105.0048 200796 6.0106  0 27026450 487701 0.0823 4.4471 1.1804 10.9596 3.1594 
548 9201 84536 9.1877 9222830 10181187972 1103.9115 200798 6.0431  0 27026450 487701 0.0825 4.4428 1.1414 10.9579 3.1677 
549 9214 84536 9.1747 9232044 10181272508 1102.8188 200800 6.0608  0 27026450 487701 0.0824 4.4384 1.1804 10.9562 3.1632 
550 9312 84536 9.0782 9241356 10181357044 1101.7167 200802 6.0794  0 27026450 487701 0.0814 4.4340 1.1862 10.9545 3.1258 
551 9203 84536 9.1857 9250559 10181441580 1100.6299 200804 6.0261  0 27026450 487701 0.0825 4.4297 1.1483 10.9528 3.1670 
552 9287 84536 9.1026 9259846 10181526116 1099.5352 200806 6.0448  0 27026450 487701 0.0817 4.4253 1.1713 10.9511 3.1383 
553 9296 84536 9.0938 9269142 10181610652 1098.4415 200808 6.0636  0 27026450 487701 0.0816 4.4210 1.0921 10.9493 3.1353 
554 9249 84536 9.1400 9278391 10181695188 1097.3557 200810 6.0707  0 27026450 487701 0.0820 4.4166 1.1082 10.9475 3.1471 
555 9212 84536 9.1767 9287603 10181779724 1096.2764 200812 6.0268  0 27026450 487701 0.0824 4.4124 1.1695 10.9458 3.1639 
556 9199 84536 9.1897 9296802 10181864260 1095.2007 200814 6.0438  0 27026450 487701 0.0825 4.4081 1.0937 10.9440 3.1683 
557 9239 84536 9.1499 9306041 10181948796 1094.1224 200816 6.0504  0 27026450 487701 0.0822 4.4038 1.1606 10.9422 3.1546 
558 9225 84536 9.1638 9315266 10182033332 1093.0481 200818 6.0785  0 27026450 487701 0.0822 4.3995 1.1131 10.9405 3.1553 
559 9208 84536 9.1807 9324474 10182117868 1091.9777 200820 6.0272  0 27026450 487701 0.0824 4.3952 1.1915 10.9388 3.1652 
560 9213 84536 9.1757 9333687 10182202404 1090.9089 200822 6.0438  0 27026450 487701 0.0824 4.3910 1.1465 10.9371 3.1635 
561 9225 84536 9.1638 9342912 10182286940 1089.8408 200824 6.0613  0 27026450 487701 0.0823 4.3867 1.1379 10.9353 3.1594 
562 9238 84536 9.1509 9352150 10182371476 1088.7733 200826 6.0788  0 27026450 487701 0.0821 4.3825 1.0426 10.9334 3.1508 
563 9190 84536 9.1987 9361340 10182456012 1087.7135 200828 6.0278  0 27026450 487701 0.0826 4.3782 1.0952 10.9316 3.1714 
564 9191 84536 9.1977 9370531 10182540548 1086.6556 200830 6.0435  0 27026450 487701 0.0826 4.3740 1.1500 10.9299 3.1711 
565 9214 84536 9.1747 9379745 10182625084 1085.5973 200832 6.0608  0 27026450 487701 0.0824 4.3698 1.1804 10.9282 3.1632 
566 3699 8585984 2321.1636 9383444 10191211068 1086.0844 201088 34.0606  0 27026450 487701 0.5537 4.3683 3.0251 10.9268 21.2607 
