1 58154 108223488 1860.9810 58154 108223488 1860.9810 1152 44.8115  0 8891 0 8.4512 8.4512 13.9973 13.9973 340.7440 
2 39449 108223488 2743.3772 97603 216446976 2217.6262 2304 40.9935  0 8891 0 12.2455 9.9848 18.7958 16.0253 470.2265 
3 12323 21655040 1757.2864 109926 238102016 2166.0210 2377 19.8569  0 11918 0 9.9810 9.9844 13.9959 15.7690 388.6929 
4 65101 84446208 1297.1569 175027 322548224 1842.8484 3529 43.1995  0 21886 0 7.6052 9.0994 12.3680 14.5272 352.7413 
5 1599 21500 13.4459 176626 322569724 1826.2867 3549 1.5625  0 22235 0 0.1501 9.0184 1.1940 14.5028 11.5272 
6 23151 559580 24.1709 199777 323129304 1617.4501 3551 16.4166  0 22235 0 0.1252 7.9878 1.2135 14.2199 5.3857 
7 46885 2554880 54.4925 246662 325684184 1320.3663 3555 24.9445  0 22235 0 0.3270 6.5317 2.3083 13.5543 13.4320 
8 1700 17408 10.2400 248362 325701592 1311.3987 4099 10.4433  0 23061 0 1.1012 6.4945 2.1767 13.4725 58.5487 
9 58044 155210180 2674.0090 306406 480911772 1569.5247 8451 42.1388  0 48107 0 6.7001 6.5334 10.1239 12.6591 264.2696 
10 61810 47585280 769.8638 368216 528497052 1435.2909 8531 24.9981  0 831577 0 4.9183 6.2623 8.1870 11.8087 201.9836 
11 23127 562628 24.3278 391343 529059680 1351.9078 8533 16.5912  0 831577 0 0.1254 5.8997 1.2313 11.6826 5.4046 
12 44241 2558976 57.8417 435584 531618656 1220.4734 8537 24.9323  0 831577 0 0.3445 5.3354 1.8580 11.2910 13.9258 
13 90810 202934272 2234.7129 526394 734552928 1395.4432 12969 42.4613  0 1680638 0 7.4156 5.6943 11.3627 11.3071 289.0221 
15 27568 6276864 227.6866 553962 740829792 1337.3297 12977 46.7760  0 1680638 0 0.6811 5.4448 3.8389 11.1718 27.5575 
16 6958 258060 37.0882 560920 741087852 1321.2007 12997 22.6057  0 1681471 0 0.9169 5.3886 3.5268 11.1209 40.5082 
17 63684 212355936 3334.5256 624604 953443788 1526.4772 25165 56.5799  0 1687214 0 12.0742 6.0703 14.3140 11.6478 467.1228 
18 52882 84971520 1606.8137 677486 1038415308 1532.7479 25325 92.8750  0 2788923 0 7.3779 6.1724 10.0580 11.4785 288.3667 
19 22938 562628 24.5282 700424 1038977936 1483.3557 25327 16.5586  0 2788923 0 0.1265 5.9744 1.2287 11.4125 5.4491 
20 43676 2558976 58.5900 744100 1041536912 1399.7271 25331 24.9638  0 2788923 0 0.3510 5.6443 3.1360 11.3036 14.4189 
21 75373 202934336 2692.4009 819473 1244471248 1518.6239 29763 39.8546  0 3627484 0 8.5210 5.9089 12.2445 11.4200 327.2047 
23 13966 16672000 1193.7562 833439 1261143248 1513.1801 30723 68.5674  0 3628896 0 13.6262 6.0382 16.9189 11.5621 528.5265 
24 17589 30689280 1744.7996 851028 1291832528 1517.9672 31363 62.3022  0 3632744 0 6.6633 6.0511 14.0443 11.6088 268.2695 
25 29928 27557960 920.8086 880956 1319390488 1497.6803 31426 24.7139  0 3641474 0 4.7981 6.0086 11.3336 11.6012 198.0921 
26 57570 47621120 827.1864 938526 1367011608 1456.5516 31506 24.9525  0 3680458 0 3.5630 5.8585 10.0505 11.5348 152.8263 
27 248455 642951552 2587.7988 1186981 2009963160 1693.3406 40410 52.6039  0 5010728 19640 11.1206 6.9600 15.6357 12.6439 431.1494 
29 4558 8297600 1820.4475 1191539 2018260760 1693.8268 41210 52.6893  0 5011359 19640 14.1536 6.9875 19.2458 12.6776 543.4973 
30 3823 8939520 2338.3521 1195362 2027200280 1695.8882 41338 17.6895  0 5011359 19640 8.3704 6.9919 11.0269 12.6703 321.4230 
31 118791 31970880 269.1355 1314153 2059171160 1566.9189 41346 6.2497  0 5011359 19640 0.5254 6.4074 2.9032 12.3621 45.6904 
32 3653 752640 206.0334 1317806 2059923800 1563.1465 41410 6.2473  0 5012973 19640 2.4615 6.3965 5.9668 12.3480 108.6511 
33 166179 1390336 8.3665 1483985 2061314136 1389.0398 41474 1.6650  0 5015036 19640 0.2207 5.7049 1.0752 11.8116 8.9177 
34 11717 84536 7.2148 1495702 2061398672 1378.2148 41476 6.0763  0 5015036 19640 0.0669 5.6607 1.0889 11.8008 2.8250 
35 10256 84536 8.2426 1505958 2061483208 1368.8850 41478 6.0882  0 5015036 19640 0.0765 5.6227 1.0724 11.7899 3.2312 
36 10216 84536 8.2749 1516174 2061567744 1359.7172 41480 6.0874  0 5015036 19640 0.0768 5.5853 1.1360 11.7796 3.2439 
37 10168 84536 8.3139 1526342 2061652280 1350.7145 41482 6.0869  0 5015036 19640 0.0772 5.5486 1.1025 11.7691 3.2592 
38 10285 84536 8.2193 1536627 2061736816 1341.7289 41484 6.0877  0 5015036 19640 0.0762 5.5120 1.0874 11.7584 3.2184 
39 10109 84536 8.3624 1546736 2061821352 1333.0144 41486 6.0859  0 5015036 19640 0.0777 5.4765 1.1377 11.7482 3.2782 
40 10103 84536 8.3674 1556839 2061905888 1324.4182 41488 6.0779  0 5015036 19640 0.0777 5.4414 1.1214 11.7379 3.2801 
41 10094 84536 8.3749 1566933 2061990424 1315.9404 41490 6.0856  0 5015036 19640 0.0778 5.4069 1.1426 11.7278 3.2831 
42 10227 84536 8.2660 1577160 2062074960 1307.4609 41492 6.0868  0 5015036 19640 0.0767 5.3723 1.0725 11.7170 3.2366 
43 10101 84536 8.3691 1587261 2062159496 1299.1937 41494 6.0857  0 5015036 19640 0.0777 5.3386 1.0565 11.7061 3.2808 
44 10108 84536 8.3633 1597369 2062244032 1291.0255 41496 6.0856  0 5015036 19640 0.0777 5.3053 1.0873 11.6955 3.2785 
45 10111 84536 8.3608 1607480 2062328568 1282.9575 41498 6.0859  0 5015036 19640 0.0776 5.2725 1.1377 11.6855 3.2775 
46 10234 84536 8.2603 1617714 2062413104 1274.8936 41500 6.0795  0 5015036 19640 0.0766 5.2396 1.0495 11.6745 3.2344 
47 10114 84536 8.3583 1627828 2062497640 1267.0243 41502 6.0860  0 5015036 19640 0.0776 5.2075 1.0964 11.6641 3.2766 
48 10107 84536 8.3641 1637935 2062582176 1259.2576 41504 6.0859  0 5015036 19640 0.0777 5.1759 1.1751 11.6545 3.2788 
49 10113 84536 8.3591 1648048 2062666712 1251.5817 41506 6.0860  0 5015036 19640 0.0776 5.1446 1.1328 11.6445 3.2769 
50 10237 84536 8.2579 1658285 2062751248 1243.9064 41508 6.0869  0 5015036 19640 0.0766 5.1133 1.0580 11.6337 3.2334 
51 10114 84536 8.3583 1668399 2062835784 1236.4164 41510 6.0860  0 5015036 19640 0.0776 5.0828 1.1460 11.6239 3.2766 
52 10100 84536 8.3699 1678499 2062920320 1229.0269 41512 6.0857  0 5015036 19640 0.0777 5.0526 1.0888 11.6135 3.2811 
53 10100 84536 8.3699 1688599 2063004856 1221.7257 41514 6.0781  0 5015036 19640 0.0777 5.0229 1.0724 11.6029 3.2811 
54 10225 84536 8.2676 1698824 2063089392 1214.4221 41516 6.0865  0 5015036 19640 0.0767 4.9931 1.0859 11.5925 3.2372 
55 10116 84536 8.3567 1708940 2063173928 1207.2828 41518 6.0860  0 5015036 19640 0.0776 4.9640 1.1072 11.5824 3.2759 
56 10109 84536 8.3624 1719049 2063258464 1200.2325 41520 6.0859  0 5015036 19640 0.0777 4.9353 1.1263 11.5724 3.2782 
57 10109 84536 8.3624 1729158 2063343000 1193.2645 41522 6.0859  0 5015036 19640 0.0777 4.9069 1.1377 11.5626 3.2782 
58 10222 84536 8.2700 1739380 2063427536 1186.3007 41524 6.0867  0 5015036 19640 0.0767 4.8785 1.1581 11.5530 3.2382 
59 10109 84536 8.3624 1749489 2063512072 1179.4941 41526 6.0785  0 5015036 19640 0.0777 4.8508 1.0828 11.5427 3.2782 
60 10118 84536 8.3550 1759607 2063596608 1172.7599 41528 6.0859  0 5015036 19640 0.0776 4.8233 1.0933 11.5325 3.2753 
61 10121 84536 8.3525 1769728 2063681144 1166.1007 41530 6.0861  0 5015036 19640 0.0776 4.7962 1.1166 11.5226 3.2743 
62 10225 84536 8.2676 1779953 2063765680 1159.4495 41532 6.0868  0 5015036 19640 0.0767 4.7691 1.1684 11.5131 3.2372 
63 10109 84536 8.3624 1790062 2063850216 1152.9490 41534 6.0859  0 5015036 19640 0.0777 4.7426 1.1787 11.5038 3.2782 
64 10118 84536 8.3550 1800180 2063934752 1146.5157 41536 6.0859  0 5015036 19640 0.0776 4.7164 1.0695 11.4935 3.2753 
65 10109 84536 8.3624 1810289 2064019288 1140.1602 41538 6.0857  0 5015036 19640 0.0777 4.6904 1.0888 11.4833 3.2782 
66 10225 84536 8.2676 1820514 2064103824 1133.8027 41540 6.0792  0 5015036 19640 0.0767 4.6645 1.0889 11.4732 3.2372 
67 10117 84536 8.3558 1830631 2064188360 1127.5830 41542 6.0860  0 5015036 19640 0.0776 4.6392 1.1198 11.4634 3.2756 
68 10101 84536 8.3691 1840732 2064272896 1121.4413 41544 6.0855  0 5015036 19640 0.0777 4.6142 1.0888 11.4533 3.2808 
69 10101 84536 8.3691 1850833 2064357432 1115.3666 41546 6.0857  0 5015036 19640 0.0777 4.5894 1.0858 11.4432 3.2808 
70 10237 84536 8.2579 1861070 2064441968 1109.2769 41548 6.0869  0 5015036 19640 0.0766 4.5646 1.0754 11.4330 3.2334 
71 10118 84536 8.3550 1871188 2064526504 1103.3239 41550 6.0857  0 5015036 19640 0.0776 4.5403 1.0753 11.4229 3.2753 
72 10101 84536 8.3691 1881289 2064611040 1097.4449 41552 6.0781  0 5015036 19640 0.0777 4.5164 1.0768 11.4127 3.2808 
73 10109 84536 8.3624 1891398 2064695576 1091.6240 41554 6.0859  0 5015036 19640 0.0777 4.4926 1.1135 11.4030 3.2782 
74 8628 84536 9.7979 1900026 2064780112 1086.7115 41556 6.0940  0 5015036 19640 0.0879 4.4726 1.1050 11.3935 3.3736 
75 8598 84536 9.8321 1908624 2064864648 1081.8604 41558 6.0676  0 5015036 19640 0.0883 4.4529 1.1032 11.3840 3.3898 
76 8611 84536 9.8172 1917235 2064949184 1077.0454 41560 6.0749  0 5015036 19640 0.0881 4.4333 1.0720 11.3743 3.3847 
77 8618 84536 9.8092 1925853 2065033720 1072.2697 41562 6.0843  0 5015036 19640 0.0881 4.4138 1.1431 11.3652 3.3819 
78 8635 84536 9.7899 1934488 2065118256 1067.5270 41564 6.0854  0 5015036 19640 0.0878 4.3945 1.1280 11.3560 3.3708 
79 8601 84536 9.8286 1943089 2065202792 1062.8452 41566 6.0660  0 5015036 19640 0.0882 4.3755 1.1804 11.3473 3.3886 
80 8611 84536 9.8172 1951700 2065287328 1058.1991 41568 6.0757  0 5015036 19640 0.0881 4.3565 1.1379 11.3382 3.3847 
81 8610 84536 9.8184 1960310 2065371864 1053.5945 41570 6.0839  0 5015036 19640 0.0882 4.3378 1.1431 11.3292 3.3851 
82 8760 84536 9.6502 1969070 2065456400 1048.9502 41572 6.0965  0 5015036 19640 0.0865 4.3189 1.0782 11.3196 3.3227 
83 8747 84536 9.6646 1977817 2065540936 1044.3540 41574 6.0685  0 5015036 19640 0.0868 4.3002 1.1295 11.3105 3.3321 
84 8724 84536 9.6901 1986541 2065625472 1039.8102 41576 6.0773  0 5015036 19640 0.0870 4.2817 1.1261 11.3014 3.3409 
85 8730 84536 9.6834 1995271 2065710008 1035.3030 41578 6.0744  0 5015036 19640 0.0869 4.2633 1.0968 11.2920 3.3386 
86 8663 84536 9.7583 2003934 2065794544 1030.8695 41580 6.0947  0 5015036 19640 0.0875 4.2453 1.1050 11.2827 3.3599 
87 8710 84536 9.7056 2012644 2065879080 1026.4503 41582 6.0680  0 5015036 19640 0.0871 4.2273 1.1145 11.2735 3.3462 
88 8626 84536 9.8001 2021270 2065963616 1022.1117 41584 6.0767  0 5015036 19640 0.0880 4.2096 1.1016 11.2643 3.3788 
89 8604 84536 9.8252 2029874 2066048152 1017.8209 41586 6.0842  0 5015036 19640 0.0882 4.1921 1.1786 11.2557 3.3874 
90 8615 84536 9.8127 2038489 2066132688 1013.5609 41588 6.0939  0 5015036 19640 0.0880 4.1748 1.1330 11.2467 3.3787 
91 8593 84536 9.8378 2047082 2066217224 1009.3475 41590 6.0656  0 5015036 19640 0.0883 4.1576 1.1517 11.2379 3.3918 
92 8613 84536 9.8149 2055695 2066301760 1005.1597 41592 6.0746  0 5015036 19640 0.0881 4.1406 1.1228 11.2289 3.3839 
93 8621 84536 9.8058 2064316 2066386296 1001.0029 41594 6.0851  0 5015036 19640 0.0880 4.1237 1.1080 11.2198 3.3808 
94 8632 84536 9.7933 2072948 2066470832 996.8754 41596 6.0938  0 5015036 19640 0.0878 4.1068 1.1098 11.2107 3.3720 
95 8587 84536 9.8446 2081535 2066555368 992.8036 41598 6.0679  0 5015036 19640 0.0884 4.0903 1.1261 11.2017 3.3942 
96 8591 84536 9.8401 2090126 2066639904 988.7633 41600 6.0749  0 5015036 19640 0.0883 4.0738 1.1659 11.1931 3.3926 
97 8613 84536 9.8149 2098739 2066724440 984.7458 41602 6.0846  0 5015036 19640 0.0881 4.0575 1.1145 11.1841 3.3839 
98 7119 2146496 301.5165 2105858 2068870936 982.4361 41666 12.3377  0 5019192 19640 0.2427 4.0446 1.0854 11.1631 28.9982 
99 1707 21500 12.5952 2107565 2068892436 981.6506 41686 1.5625  0 5019192 19640 0.1359 4.0414 1.2473 11.1606 10.0780 
100 22482 559580 24.8901 2130047 2069452016 971.5523 41688 16.1797  0 5019192 19640 0.1289 4.0001 1.2147 11.1297 5.5323 
101 41218 2554880 61.9846 2171265 2072006896 954.2856 41692 24.9636  0 5019192 19640 0.3720 3.9312 3.0548 11.0771 15.2788 
102 381 17408 45.6903 2171646 2072024304 954.1262 42236 10.1833  0 5019192 19640 4.2835 3.9313 10.3949 11.0769 164.4850 
103 42167 155210052 3680.8416 2213813 2227234356 1006.0625 46588 41.4055  0 5024986 19640 9.1610 4.0309 10.6813 11.0592 351.7816 
104 35596 47585280 1336.8154 2249409 2274819636 1011.2966 46668 24.8532  0 5863926 19640 7.4795 4.0855 9.9857 11.0249 287.2125 
105 11533 16672000 1445.5909 2260942 2291491636 1013.5119 47628 63.1052  0 5864223 19640 16.4453 4.1485 18.8777 11.1184 631.5007 
106 10236 30689280 2998.1711 2271178 2322180916 1022.4565 48268 59.4094  0 5864223 19640 11.2544 4.1805 16.7005 11.1637 432.1688 
107 1977 1075000 543.7532 2273155 2323255916 1022.0402 49268 18.7673  0 5864966 19640 4.1315 4.1805 8.8783 11.1612 168.4395 
108 22818 8977800 393.4525 2295973 2332233716 1015.7932 49368 10.2858  0 5876137 19640 1.8992 4.1578 6.0490 11.1185 93.9301 
109 9229 13164544 1426.4324 2305202 2345398260 1017.4372 49496 15.3929  0 5877366 19640 7.4894 4.1712 10.8799 11.1168 287.5943 
110 331 4608 13.9215 2305533 2345402868 1017.2932 49640 2.7853  0 5877366 19640 1.3051 4.1708 3.6000 11.1157 50.1172 
111 54614 149084176 2729.7795 2360147 2494487044 1056.9202 51944 41.1926  0 5880310 19640 10.9146 4.3268 14.7358 11.2775 423.6776 
112 29979 33536000 1118.6498 2390126 2528023044 1057.6945 52144 31.2413  0 6193892 19640 4.8087 4.3329 9.2150 11.2424 197.5655 
113 4585 8297600 1809.7274 2394711 2536320644 1059.1344 52944 52.4593  0 6194651 19640 14.0702 4.3515 19.1260 11.2712 540.2968 
114 3803 8939520 2350.6494 2398514 2545260164 1061.1821 53072 17.6810  0 6194651 19640 8.4144 4.3579 11.1382 11.2708 323.1133 
115 120516 31970880 265.2833 2519030 2577231044 1023.1046 53080 6.2395  0 6194651 19640 0.5149 4.1741 2.3320 11.0215 44.5827 
116 3267 752640 230.3765 2522297 2577983684 1022.0778 53144 6.1570  0 6194735 19640 2.6345 4.1721 8.2919 11.0185 103.3873 
117 165572 1390336 8.3972 2687869 2579374020 959.6353 53208 1.5877  0 6194735 19640 0.2182 3.9285 2.2028 10.8696 8.4494 
118 8722 84536 9.6923 2696591 2579458556 956.5627 53210 6.0865  0 6194735 19640 0.0869 3.9161 1.0860 10.8626 3.3372 
119 8721 84536 9.6934 2705312 2579543092 953.5104 53212 6.0495  0 6194735 19640 0.0870 3.9038 1.1822 10.8562 3.3420 
120 8661 84536 9.7605 2713973 2579627628 950.4986 53214 6.0759  0 6194735 19640 0.0876 3.8916 1.1195 10.8494 3.3652 
121 8710 84536 9.7056 2722683 2579712164 947.4890 53216 6.0861  0 6194735 19640 0.0871 3.8794 1.1244 10.8427 3.3462 
122 8693 84536 9.7246 2731376 2579796700 944.5045 53218 6.0862  0 6194735 19640 0.0872 3.8673 1.1502 10.8362 3.3483 
123 8716 84536 9.6989 2740092 2579881236 941.5309 53220 6.0684  0 6194735 19640 0.0871 3.8553 1.0858 10.8292 3.3439 
124 8632 84536 9.7933 2748724 2579965772 938.6049 53222 6.0603  0 6194735 19640 0.0879 3.8435 1.1431 10.8226 3.3765 
125 8630 84536 9.7956 2757354 2580050308 935.6979 53224 6.0725  0 6194735 19640 0.0879 3.8317 1.1500 10.8160 3.3772 
126 8624 84536 9.8024 2765978 2580134844 932.8111 53226 6.0937  0 6194735 19640 0.0879 3.8201 1.0922 10.8091 3.3751 
127 8614 84536 9.8138 2774592 2580219380 929.9455 53228 6.0660  0 6194735 19640 0.0881 3.8085 1.1535 10.8026 3.3835 
128 8635 84536 9.7899 2783227 2580303916 927.0907 53230 6.0593  0 6194735 19640 0.0879 3.7969 1.1934 10.7964 3.3753 
129 8614 84536 9.8138 2791841 2580388452 924.2605 53232 6.0844  0 6194735 19640 0.0881 3.7855 1.0937 10.7895 3.3835 
130 8637 84536 9.7877 2800478 2580472988 921.4402 53234 6.0852  0 6194735 19640 0.0878 3.7741 1.1050 10.7828 3.3701 
131 8604 84536 9.8252 2809082 2580557524 918.6480 53236 6.0661  0 6194735 19640 0.0882 3.7628 1.2086 10.7766 3.3874 
132 8592 84536 9.8389 2817674 2580642060 915.8767 53238 6.0758  0 6194735 19640 0.0883 3.7516 1.1032 10.7698 3.3922 
133 8617 84536 9.8104 2826291 2580726596 913.1143 53240 6.0846  0 6194735 19640 0.0881 3.7404 1.1588 10.7634 3.3823 
134 8624 84536 9.8024 2834915 2580811132 910.3663 53242 6.0940  0 6194735 19640 0.0879 3.7293 1.2089 10.7573 3.3751 
135 8608 84536 9.8206 2843523 2580895668 907.6402 53244 6.0662  0 6194735 19640 0.0882 3.7183 1.1972 10.7512 3.3859 
136 8599 84536 9.8309 2852122 2580980204 904.9333 53246 6.0749  0 6194735 19640 0.0883 3.7073 1.2125 10.7451 3.3894 
137 8644 84536 9.7797 2860766 2581064740 902.2285 53248 6.0720  0 6194735 19640 0.0878 3.6964 1.1804 10.7389 3.3718 
138 8636 84536 9.7888 2869402 2581149276 899.5425 53250 6.0851  0 6194735 19640 0.0878 3.6855 1.2246 10.7329 3.3704 
139 8600 84536 9.8298 2878002 2581233812 896.8840 53252 6.0679  0 6194735 19640 0.0883 3.6748 1.1113 10.7262 3.3890 
140 8663 84536 9.7583 2886665 2581318348 894.2217 53254 6.0756  0 6194735 19640 0.0876 3.6640 1.1695 10.7199 3.3644 
141 8775 84536 9.6337 2895440 2581402884 891.5408 53256 6.0752  0 6194735 19640 0.0865 3.6532 1.1396 10.7135 3.3214 
142 8759 84536 9.6513 2904199 2581487420 888.8810 53258 6.0961  0 6194735 19640 0.0865 3.6424 1.0798 10.7066 3.3231 
143 8761 84536 9.6491 2912960 2581571956 886.2366 53260 6.0504  0 6194735 19640 0.0866 3.6317 1.1178 10.7000 3.3267 
144 8714 84536 9.7012 2921674 2581656492 883.6224 53262 6.0778  0 6194735 19640 0.0871 3.6212 1.1048 10.6934 3.3447 
145 8679 84536 9.7403 2930353 2581741028 881.0341 53264 6.0857  0 6194735 19640 0.0875 3.6107 1.1465 10.6870 3.3582 
146 8696 84536 9.7213 2939049 2581825564 878.4561 53266 6.0952  0 6194735 19640 0.0872 3.6003 1.0737 10.6801 3.3472 
147 8603 84536 9.8263 2947652 2581910100 875.9209 53268 6.0650  0 6194735 19640 0.0882 3.5900 1.1749 10.6739 3.3878 
148 8601 84536 9.8286 2956253 2581994636 873.4011 53270 6.0755  0 6194735 19640 0.0882 3.5798 1.1228 10.6674 3.3886 
149 8617 84536 9.8104 2964870 2582079172 870.8912 53272 6.0851  0 6194735 19640 0.0881 3.5697 1.1362 10.6610 3.3823 
150 8645 84536 9.7786 2973515 2582163708 868.3876 53274 6.0941  0 6194735 19640 0.0877 3.5596 1.1956 10.6550 3.3669 
151 8605 84536 9.8241 2982120 2582248244 865.9102 53276 6.0661  0 6194735 19640 0.0882 3.5495 1.1749 10.6488 3.3871 
152 8595 84536 9.8355 2990715 2582332780 863.4500 53278 6.0750  0 6194735 19640 0.0883 3.5396 1.1500 10.6425 3.3910 
153 8610 84536 9.8184 2999325 2582417316 860.9995 53280 6.0837  0 6194735 19640 0.0882 3.5297 1.1804 10.6364 3.3851 
154 8632 84536 9.7933 3007957 2582501852 858.5568 53282 6.0942  0 6194735 19640 0.0878 3.5198 1.1297 10.6300 3.3720 
155 8601 84536 9.8286 3016558 2582586388 856.1368 53284 6.0660  0 6194735 19640 0.0882 3.5100 1.1749 10.6239 3.3886 
156 8602 84536 9.8275 3025160 2582670924 853.7303 53286 6.0760  0 6194735 19640 0.0882 3.5003 1.1162 10.6174 3.3882 
157 8599 84536 9.8309 3033759 2582755460 851.3384 53288 6.0838  0 6194735 19640 0.0883 3.4906 1.1113 10.6109 3.3894 
158 8614 84536 9.8138 3042373 2582839996 848.9557 53290 6.0936  0 6194735 19640 0.0880 3.4810 1.1180 10.6044 3.3791 
159 8607 84536 9.8218 3050980 2582924532 846.5885 53292 6.0653  0 6194735 19640 0.0882 3.4714 1.1261 10.5981 3.3863 
160 8611 84536 9.8172 3059591 2583009068 844.2335 53294 6.0749  0 6194735 19640 0.0881 3.4619 1.0720 10.5913 3.3847 
161 8620 84536 9.8070 3068211 2583093604 841.8892 53296 6.0840  0 6194735 19640 0.0881 3.4524 1.1431 10.5850 3.3812 
162 8614 84536 9.8138 3076825 2583178140 839.5597 53298 6.0939  0 6194735 19640 0.0880 3.4430 1.1450 10.5788 3.3791 
163 8587 84536 9.8446 3085412 2583262676 837.2505 53300 6.0663  0 6194735 19640 0.0884 3.4337 1.1129 10.5724 3.3942 
164 8611 84536 9.8172 3094023 2583347212 834.9476 53302 6.0741  0 6194735 19640 0.0881 3.4244 1.1713 10.5663 3.3847 
165 8613 84536 9.8149 3102636 2583431748 832.6570 53304 6.0838  0 6194735 19640 0.0881 3.4151 1.1500 10.5601 3.3839 
166 8635 84536 9.7899 3111271 2583516284 830.3732 53306 6.0942  0 6194735 19640 0.0878 3.4059 1.1662 10.5540 3.3708 
167 8608 84536 9.8206 3119879 2583600820 828.1093 53308 6.0656  0 6194735 19640 0.0882 3.3967 1.1535 10.5478 3.3859 
168 8591 84536 9.8401 3128470 2583685356 825.8623 53310 6.0747  0 6194735 19640 0.0883 3.3876 1.0968 10.5413 3.3926 
169 8601 84536 9.8286 3137071 2583769892 823.6249 53312 6.0842  0 6194735 19640 0.0882 3.3786 1.1032 10.5349 3.3886 
170 8632 84536 9.7933 3145703 2583854428 821.3917 53314 6.0938  0 6194735 19640 0.0878 3.3695 1.1330 10.5286 3.3720 
171 8611 84536 9.8172 3154314 2583938964 819.1762 53316 6.0657  0 6194735 19640 0.0881 3.3606 1.1261 10.5224 3.3847 
172 8611 84536 9.8172 3162925 2584023500 816.9728 53318 6.0747  0 6194735 19640 0.0881 3.3517 1.1878 10.5164 3.3847 
173 8596 84536 9.8343 3171521 2584108036 814.7851 53320 6.0841  0 6194735 19640 0.0883 3.3428 1.1695 10.5104 3.3906 
174 8624 84536 9.8024 3180145 2584192572 812.6021 53322 6.0940  0 6194735 19640 0.0879 3.3340 1.1213 10.5041 3.3751 
175 8598 84536 9.8321 3188743 2584277108 810.4375 53324 6.0676  0 6194735 19640 0.0883 3.3253 1.1032 10.4977 3.3898 
176 8612 84536 9.8161 3197355 2584361644 808.2811 53326 6.0751  0 6194735 19640 0.0881 3.3165 1.1000 10.4913 3.3843 
177 8600 84536 9.8298 3205955 2584446180 806.1393 53328 6.0842  0 6194735 19640 0.0883 3.3079 1.1465 10.4852 3.3890 
178 8609 84536 9.8195 3214564 2584530716 804.0066 53330 6.0935  0 6194735 19640 0.0880 3.2993 1.1862 10.4793 3.3810 
179 8593 84536 9.8378 3223157 2584615252 801.8893 53332 6.0653  0 6194735 19640 0.0883 3.2907 1.1822 10.4734 3.3918 
180 8591 84536 9.8401 3231748 2584699788 799.7839 53334 6.0749  0 6194735 19640 0.0883 3.2822 1.1659 10.4675 3.3926 
181 8604 84536 9.8252 3240352 2584784324 797.6863 53336 6.0840  0 6194735 19640 0.0882 3.2737 1.1500 10.4614 3.3874 
182 6497 2146496 330.3826 3246849 2586930820 796.7512 53400 10.8777  0 6194735 19640 0.1022 3.2674 2.1214 10.4588 6.6197 
