1 213345 432893952 2029.0795 213345 432893952 2029.0795 4608 47.6238  0 81183 0 9.0900 9.0900 15.1380 15.1380 353.4764 
2 136793 432893952 3164.5913 350138 865787904 2472.7048 9216 46.4115  0 81420 8 14.1196 11.0550 16.2900 15.6918 542.1917 
3 49056 86572544 1764.7698 399194 952360448 2385.7083 9505 73.1660  0 392994 8 9.9948 10.9247 13.5462 15.4172 385.3025 
4 246493 337784832 1370.3628 645687 1290145280 1998.0970 14113 42.9486  0 2460591 560870 7.9704 9.7969 11.8506 14.0993 362.8179 
5 4421 21500 4.8632 650108 1290166780 1984.5422 14133 1.5625  0 2462919 560870 0.0543 9.7306 1.2632 14.0939 4.1692 
6 63567 559580 8.8030 713675 1290726360 1808.5632 14135 16.1954  0 2462919 560870 0.0456 8.8680 1.2089 14.0254 1.9615 
7 123859 10219520 82.5093 837534 1300945880 1553.3052 14151 24.9863  0 2466658 560870 0.4951 7.6297 7.0210 13.8924 20.3380 
8 3801 17408 4.5798 841335 1300963288 1546.3083 14695 10.5472  0 2469581 560870 0.4925 7.5975 2.1869 13.8706 26.1860 
9 250553 620840524 2477.8809 1091888 1921803812 1760.0741 32103 41.8064  0 4118067 560870 6.1081 7.2557 7.7162 12.0188 236.1678 
10 239587 190341120 794.4551 1331475 2112144932 1586.3196 32423 49.3579  0 8233991 560870 4.9872 6.8475 7.4384 11.1213 194.8954 
11 63758 562628 8.8244 1395233 2112707560 1514.2328 32425 16.3219  0 8233991 560870 0.0455 6.5367 1.2339 11.0931 1.9604 
12 124624 10235904 82.1343 1519857 2122943464 1396.8048 32441 24.9749  0 8233991 560870 0.4892 6.0408 3.9646 10.9622 19.7743 
13 323565 811737456 2508.7307 1843422 2934680920 1591.9745 50169 51.3769  0 12273266 560870 8.3120 6.4395 10.0090 10.7306 320.3757 
15 63008 25107456 398.4804 1906430 2959788376 1552.5292 50201 46.8230  0 12308544 560870 1.1920 6.2660 7.4074 10.7005 48.2292 
16 20290 258060 12.7186 1926720 2960046436 1536.3137 50221 22.5422  0 12318859 560870 0.3144 6.2034 3.4394 10.6884 13.8914 
17 275784 849423744 3080.0327 2202504 3809470180 1729.6088 98893 57.1405  0 12652532 560870 11.0328 6.8081 12.2566 10.9733 424.4623 
18 243127 339886080 1397.9775 2445631 4149356260 1696.6404 99533 88.8189  0 17139656 560870 6.3919 6.7667 7.3285 10.4837 246.5491 
19 64042 562628 8.7853 2509673 4149918888 1653.5696 99535 16.3190  0 17139656 560870 0.0453 6.5952 1.2313 10.4699 1.9517 
20 123755 10235904 82.7110 2633428 4160154792 1579.7489 99551 24.9705  0 17140328 560870 0.4927 6.3084 4.0705 10.4098 19.9132 
21 276488 811737408 2935.8865 2909916 4971892200 1708.6034 117279 50.5666  0 21255683 560976 9.2794 6.5907 9.6150 10.2960 356.3307 
23 121838 48665600 399.4287 3031754 5020557800 1655.9912 118559 94.4742  0 22360459 560976 6.2266 6.5761 6.9855 10.1136 239.7077 
24 99487 122757120 1233.9011 3131241 5143314920 1642.5803 121119 89.9060  0 23983186 560976 4.6519 6.5149 6.6559 9.9958 180.8239 
25 69785 27557960 394.8980 3201026 5170872880 1615.3799 121182 24.7658  0 24032396 560976 2.0560 6.4177 11.2356 10.0035 84.6941 
26 192179 190484480 991.1826 3393205 5361357360 1580.0276 121502 48.8602  0 24618922 560976 4.1445 6.2890 12.1116 10.0689 163.9432 
27 947629 2571879968 2714.0156 4340834 7933237328 1827.5836 157118 52.2072  0 40667370 560976 11.4157 7.4082 13.4069 10.9893 439.4420 
29 19221 33190400 1726.7780 4360055 7966427728 1827.1393 160318 81.1319  0 40694303 560976 13.3466 7.4343 16.0074 11.0167 512.5094 
30 12681 35758080 2819.8154 4372736 8002185808 1830.0181 160830 67.0957  0 40694303 560976 10.0938 7.4421 13.3556 11.0243 387.6035 
31 198131 127883520 645.4493 4570867 8130069328 1778.6711 160862 6.2495  0 40767245 560976 1.2599 7.1741 7.7835 10.9894 109.5762 
32 9464 3010560 318.1065 4580331 8133079888 1775.6533 161118 19.9838  0 40773935 560976 3.6703 7.1668 13.7787 10.9918 147.7572 
33 186213 5561344 29.8655 4766544 8138641232 1707.4512 161374 5.9180  0 40783064 560976 0.7783 6.9173 1.4768 10.6891 30.3813 
34 22839 84536 3.7014 4789383 8138725768 1699.3265 161376 6.0168  0 40783064 560976 0.0343 6.8844 1.1563 10.6870 1.4493 
35 14285 84536 5.9178 4803668 8138810304 1694.2908 161378 5.9333  0 40783064 560976 0.0550 6.8641 1.0724 10.6847 2.3199 
36 14139 84536 5.9789 4817807 8138894840 1689.3361 161380 5.9580  0 40783064 560976 0.0555 6.8442 1.0994 10.6825 2.3438 
37 14212 84536 5.9482 4832019 8138979376 1684.3848 161382 5.9886  0 40783064 560976 0.0552 6.8242 1.1664 10.6804 2.3318 
38 14449 84536 5.8506 4846468 8139063912 1679.3805 161384 6.0203  0 40783064 560976 0.0543 6.8040 1.0844 10.6781 2.2909 
39 14206 84536 5.9507 4860674 8139148448 1674.4896 161386 5.9295  0 40783064 560976 0.0553 6.7843 1.1010 10.6759 2.3328 
40 14275 84536 5.9220 4874949 8139232984 1669.6036 161388 5.9512  0 40783064 560976 0.0550 6.7646 1.1360 10.6738 2.3215 
41 14265 84536 5.9261 4889214 8139317520 1664.7498 161390 5.9899  0 40783064 560976 0.0550 6.7450 1.1279 10.6716 2.3231 
42 14492 84536 5.8333 4903706 8139402056 1659.8472 161392 6.0210  0 40783064 560976 0.0541 6.7252 1.1105 10.6695 2.2841 
43 14212 84536 5.9482 4917918 8139486592 1655.0676 161394 5.9317  0 40783064 560976 0.0552 6.7059 1.0580 10.6672 2.3318 
44 14208 84536 5.9499 4932126 8139571128 1650.3170 161396 5.9594  0 40783064 560976 0.0553 6.6868 1.1010 10.6649 2.3324 
45 14294 84536 5.9141 4946420 8139655664 1645.5651 161398 5.9903  0 40783064 560976 0.0549 6.6676 1.0948 10.6627 2.3184 
46 14470 84536 5.8422 4960890 8139740200 1640.7822 161400 6.0152  0 40783064 560976 0.0542 6.6483 1.0784 10.6605 2.2875 
47 14141 84536 5.9781 4975031 8139824736 1636.1355 161402 5.9279  0 40783064 560976 0.0555 6.6296 1.1311 10.6583 2.3435 
48 14158 84536 5.9709 4989189 8139909272 1631.5095 161404 5.9581  0 40783064 560976 0.0554 6.6109 1.1041 10.6561 2.3407 
49 14148 84536 5.9751 5003337 8139993808 1626.9130 161406 5.9885  0 40783064 560976 0.0555 6.5924 1.0608 10.6539 2.3423 
50 14471 84536 5.8418 5017808 8140078344 1622.2379 161408 6.0202  0 40783064 560976 0.0542 6.5735 1.1649 10.6518 2.2874 
51 14151 84536 5.9739 5031959 8140162880 1617.6926 161410 5.9281  0 40783064 560976 0.0555 6.5552 1.1344 10.6497 2.3418 
52 14135 84536 5.9806 5046094 8140247416 1613.1780 161412 5.9580  0 40783064 560976 0.0555 6.5370 1.0903 10.6474 2.3445 
53 14185 84536 5.9595 5060279 8140331952 1608.6726 161414 5.9807  0 40783064 560976 0.0553 6.5188 1.1876 10.6454 2.3362 
54 14437 84536 5.8555 5074716 8140416488 1604.1127 161416 6.0201  0 40783064 560976 0.0543 6.5004 1.1216 10.6433 2.2928 
55 14158 84536 5.9709 5088874 8140501024 1599.6665 161418 5.9301  0 40783064 560976 0.0554 6.4825 1.0753 10.6410 2.3407 
56 14148 84536 5.9751 5103022 8140585560 1595.2479 161420 5.9581  0 40783064 560976 0.0555 6.4647 1.0979 10.6388 2.3423 
57 14131 84536 5.9823 5117153 8140670096 1590.8593 161422 5.9883  0 40783064 560976 0.0556 6.4470 1.0651 10.6365 2.3451 
58 14429 84536 5.8588 5131582 8140754632 1586.4025 161424 6.0199  0 40783064 560976 0.0543 6.4290 1.1216 10.6344 2.2940 
59 14189 84536 5.9579 5145771 8140839168 1582.0446 161426 5.9183  0 40783064 560976 0.0553 6.4115 1.0695 10.6321 2.3356 
60 14156 84536 5.9717 5159927 8140923704 1577.7207 161428 5.9579  0 40783064 560976 0.0555 6.3940 1.1279 10.6300 2.3410 
61 14161 84536 5.9696 5174088 8141008240 1573.4189 161430 5.9884  0 40783064 560976 0.0554 6.3767 1.0637 10.6277 2.3402 
62 14437 84536 5.8555 5188525 8141092776 1569.0573 161432 6.0200  0 40783064 560976 0.0543 6.3591 1.0652 10.6255 2.2928 
63 14137 84536 5.9798 5202662 8141177312 1564.8099 161434 5.9278  0 40783064 560976 0.0555 6.3419 1.1230 10.6233 2.3441 
64 14162 84536 5.9692 5216824 8141261848 1560.5782 161436 5.9583  0 40783064 560976 0.0554 6.3249 1.1246 10.6212 2.3400 
65 14148 84536 5.9751 5230972 8141346384 1556.3735 161438 5.9878  0 40783064 560976 0.0555 6.3079 1.1263 10.6191 2.3423 
66 14436 84536 5.8559 5245408 8141430920 1552.1063 161440 6.0148  0 40783064 560976 0.0543 6.2907 1.0595 10.6168 2.2929 
67 14145 84536 5.9764 5259553 8141515456 1547.9481 161442 5.9288  0 40783064 560976 0.0555 6.2739 1.0680 10.6145 2.3428 
68 14142 84536 5.9777 5273695 8141599992 1543.8131 161444 5.9576  0 40783064 560976 0.0555 6.2573 1.1328 10.6124 2.3433 
69 14150 84536 5.9743 5287845 8141684528 1539.6981 161446 5.9876  0 40783064 560976 0.0555 6.2407 1.1544 10.6104 2.3420 
70 14433 84536 5.8571 5302278 8141769064 1535.5228 161448 6.0199  0 40783064 560976 0.0543 6.2238 1.0784 10.6081 2.2934 
71 14149 84536 5.9747 5316427 8141853600 1531.4521 161450 5.9289  0 40783064 560976 0.0555 6.2074 1.0651 10.6059 2.3422 
72 14182 84536 5.9608 5330609 8141938136 1527.3937 161452 5.9505  0 40783064 560976 0.0554 6.1910 1.0666 10.6036 2.3367 
73 14138 84536 5.9793 5344747 8142022672 1523.3691 161454 5.9875  0 40783064 560976 0.0555 6.1748 1.1840 10.6016 2.3440 
74 12818 84536 6.5951 5357565 8142107208 1519.7402 161456 6.0170  0 40783064 560976 0.0591 6.1602 1.1825 10.5997 2.2708 
75 12794 84536 6.6075 5370359 8142191744 1516.1355 161458 5.8713  0 40783064 560976 0.0593 6.1457 1.1064 10.5976 2.2781 
76 12816 84536 6.5961 5383175 8142276280 1512.5416 161460 5.9201  0 40783064 560976 0.0592 6.1312 1.1096 10.5955 2.2742 
77 12825 84536 6.5915 5396000 8142360816 1508.9623 161462 5.9680  0 40783064 560976 0.0592 6.1167 1.1934 10.5936 2.2726 
78 12836 84536 6.5859 5408836 8142445352 1505.3970 161464 6.0111  0 40783064 560976 0.0591 6.1024 1.1364 10.5915 2.2676 
79 12825 84536 6.5915 5421661 8142529888 1501.8516 161466 5.8581  0 40783064 560976 0.0592 6.0881 1.1261 10.5895 2.2726 
80 12791 84536 6.6090 5434452 8142614424 1498.3323 161468 5.9182  0 40783064 560976 0.0593 6.0739 1.1588 10.5875 2.2786 
81 12814 84536 6.5972 5447266 8142698960 1494.8231 161470 5.9676  0 40783064 560976 0.0592 6.0597 1.1804 10.5856 2.2745 
82 12913 84536 6.5466 5460179 8142783496 1491.3033 161472 6.0178  0 40783064 560976 0.0587 6.0455 1.1862 10.5837 2.2541 
83 12803 84536 6.6028 5472982 8142868032 1487.8302 161474 5.8708  0 40783064 560976 0.0593 6.0315 1.1145 10.5816 2.2765 
84 12792 84536 6.6085 5485774 8142952568 1484.3762 161476 5.9187  0 40783064 560976 0.0593 6.0176 1.1278 10.5795 2.2784 
85 12831 84536 6.5884 5498605 8143037104 1480.9277 161478 5.9601  0 40783064 560976 0.0592 6.0037 1.1244 10.5775 2.2715 
86 12849 84536 6.5792 5511454 8143121640 1477.4906 161480 6.0115  0 40783064 560976 0.0590 5.9898 1.1398 10.5755 2.2653 
87 12818 84536 6.5951 5524272 8143206176 1474.0778 161482 5.8702  0 40783064 560976 0.0592 5.9761 1.1804 10.5736 2.2738 
88 12799 84536 6.6049 5537071 8143290712 1470.6857 161484 5.9189  0 40783064 560976 0.0593 5.9624 1.1278 10.5715 2.2772 
89 12900 84536 6.5532 5549971 8143375248 1467.2825 161486 5.9703  0 40783064 560976 0.0588 5.9487 1.1000 10.5694 2.2593 
90 12942 84536 6.5319 5562913 8143459784 1463.8840 161488 6.0191  0 40783064 560976 0.0586 5.9350 1.1502 10.5674 2.2490 
91 12961 84536 6.5223 5575874 8143544320 1460.4965 161490 5.8619  0 40783064 560976 0.0586 5.9213 1.1048 10.5654 2.2487 
92 12912 84536 6.5471 5588786 8143628856 1457.1373 161492 5.9214  0 40783064 560976 0.0588 5.9078 1.1244 10.5633 2.2572 
93 12954 84536 6.5259 5601740 8143713392 1453.7828 161494 5.9707  0 40783064 560976 0.0586 5.8942 1.1659 10.5614 2.2499 
94 12952 84536 6.5269 5614692 8143797928 1450.4442 161496 6.0193  0 40783064 560976 0.0585 5.8808 1.1001 10.5593 2.2473 
95 12842 84536 6.5828 5627534 8143882464 1447.1494 161498 5.8725  0 40783064 560976 0.0591 5.8675 1.1080 10.5572 2.2696 
96 12790 84536 6.6095 5640324 8143967000 1443.8829 161500 5.9190  0 40783064 560976 0.0593 5.8543 1.1145 10.5552 2.2788 
97 12810 84536 6.5992 5653134 8144051536 1440.6260 161502 5.9674  0 40783064 560976 0.0593 5.8412 1.1822 10.5532 2.2752 
98 12860 84536 6.5736 5665994 8144136072 1437.3711 161504 6.0117  0 40783064 560976 0.0589 5.8281 1.1975 10.5513 2.2634 
99 12808 84536 6.6002 5678802 8144220608 1434.1442 161506 5.8699  0 40783064 560976 0.0593 5.8151 1.1295 10.5493 2.2756 
100 12823 84536 6.5925 5691625 8144305144 1430.9280 161508 5.9201  0 40783064 560976 0.0592 5.8021 1.1228 10.5473 2.2729 
101 12800 84536 6.6044 5704425 8144389680 1427.7319 161510 5.9677  0 40783064 560976 0.0593 5.7892 1.1677 10.5453 2.2770 
102 12828 84536 6.5900 5717253 8144474216 1424.5432 161512 6.0174  0 40783064 560976 0.0591 5.7763 1.1752 10.5434 2.2690 
103 12801 84536 6.6039 5730054 8144558752 1421.3755 161514 5.8696  0 40783064 560976 0.0593 5.7636 1.1588 10.5414 2.2768 
104 12833 84536 6.5874 5742887 8144643288 1418.2141 161516 5.9092  0 40783064 560976 0.0591 5.7508 1.0937 10.5394 2.2711 
105 12803 84536 6.6028 5755690 8144727824 1415.0741 161518 5.9678  0 40783064 560976 0.0593 5.7382 1.1195 10.5373 2.2765 
106 12852 84536 6.5777 5768542 8144812360 1411.9360 161520 6.0176  0 40783064 560976 0.0590 5.7255 1.1416 10.5353 2.2648 
107 12838 84536 6.5848 5781380 8144896896 1408.8154 161522 5.8707  0 40783064 560976 0.0591 5.7129 1.1731 10.5334 2.2703 
108 12808 84536 6.6002 5794188 8144981432 1405.7158 161524 5.9186  0 40783064 560976 0.0593 5.7004 1.1195 10.5314 2.2756 
109 12825 84536 6.5915 5807013 8145065968 1402.6257 161526 5.9682  0 40783064 560976 0.0592 5.6880 1.1431 10.5294 2.2726 
110 12838 84536 6.5848 5819851 8145150504 1399.5463 161528 6.0112  0 40783064 560976 0.0590 5.6756 1.1297 10.5274 2.2673 
111 12825 84536 6.5915 5832676 8145235040 1396.4834 161530 5.8579  0 40783064 560976 0.0592 5.6632 1.1311 10.5254 2.2726 
112 12791 84536 6.6090 5845467 8145319576 1393.4420 161532 5.9186  0 40783064 560976 0.0593 5.6509 1.1659 10.5234 2.2786 
113 12828 84536 6.5900 5858295 8145404112 1390.4053 161534 5.9687  0 40783064 560976 0.0592 5.6387 1.0483 10.5212 2.2720 
114 12907 84536 6.5496 5871202 8145488648 1387.3630 161536 6.0181  0 40783064 560976 0.0587 5.6264 1.1033 10.5192 2.2551 
115 12803 84536 6.6028 5884005 8145573184 1384.3586 161538 5.8708  0 40783064 560976 0.0593 5.6143 1.1145 10.5171 2.2765 
116 12798 84536 6.6054 5896803 8145657720 1381.3685 161540 5.9191  0 40783064 560976 0.0593 5.6023 1.1080 10.5151 2.2774 
117 12835 84536 6.5864 5909638 8145742256 1378.3826 161542 5.9605  0 40783064 560976 0.0591 5.5902 1.1113 10.5130 2.2708 
118 12845 84536 6.5812 5922483 8145826792 1375.4073 161544 6.0114  0 40783064 560976 0.0590 5.5782 1.1098 10.5110 2.2660 
119 12814 84536 6.5972 5935297 8145911328 1372.4521 161546 5.8697  0 40783064 560976 0.0592 5.5663 1.1500 10.5090 2.2745 
120 12799 84536 6.6049 5948096 8145995864 1369.5132 161548 5.9189  0 40783064 560976 0.0593 5.5545 1.1278 10.5070 2.2772 
121 12831 84536 6.5884 5960927 8146080400 1366.5795 161550 5.9601  0 40783064 560976 0.0592 5.5426 1.1211 10.5050 2.2715 
122 12818 84536 6.5951 5973745 8146164936 1363.6613 161552 6.0168  0 40783064 560976 0.0591 5.5309 1.2147 10.5032 2.2708 
123 12828 84536 6.5900 5986573 8146249472 1360.7534 161554 5.8598  0 40783064 560976 0.0592 5.5191 1.1064 10.5011 2.2720 
124 12814 84536 6.5972 5999387 8146334008 1357.8611 161556 5.9185  0 40783064 560976 0.0592 5.5075 1.1465 10.4991 2.2745 
125 12825 84536 6.5915 6012212 8146418544 1354.9786 161558 5.9681  0 40783064 560976 0.0592 5.4959 1.1379 10.4972 2.2726 
126 12822 84536 6.5930 6025034 8146503080 1352.1091 161560 6.0169  0 40783064 560976 0.0591 5.4843 1.1537 10.4952 2.2701 
127 12794 84536 6.6075 6037828 8146587616 1349.2579 161562 5.8700  0 40783064 560976 0.0593 5.4728 1.1500 10.4932 2.2781 
128 12809 84536 6.5997 6050637 8146672152 1346.4156 161564 5.9190  0 40783064 560976 0.0593 5.4613 1.1517 10.4913 2.2754 
129 12814 84536 6.5972 6063451 8146756688 1343.5841 161566 5.9679  0 40783064 560976 0.0592 5.4499 1.1362 10.4893 2.2745 
130 12853 84536 6.5771 6076304 8146841224 1340.7560 161568 6.0116  0 40783064 560976 0.0590 5.4385 1.0706 10.4872 2.2646 
131 12820 84536 6.5941 6089124 8146925760 1337.9470 161570 5.8698  0 40783064 560976 0.0592 5.4272 1.1517 10.4852 2.2734 
132 12799 84536 6.6049 6101923 8147010296 1335.1545 161572 5.9194  0 40783064 560976 0.0593 5.4159 1.1096 10.4832 2.2772 
133 12801 84536 6.6039 6114724 8147094832 1332.3733 161574 5.9681  0 40783064 560976 0.0593 5.4047 1.1113 10.4812 2.2768 
134 12835 84536 6.5864 6127559 8147179368 1329.5963 161576 6.0172  0 40783064 560976 0.0591 5.3935 1.1114 10.4791 2.2678 
135 12801 84536 6.6039 6140360 8147263904 1326.8381 161578 5.8696  0 40783064 560976 0.0593 5.3824 1.1588 10.4772 2.2768 
136 12833 84536 6.5874 6153193 8147348440 1324.0847 161580 5.9092  0 40783064 560976 0.0591 5.3713 1.0937 10.4751 2.2711 
137 12841 84536 6.5833 6166034 8147432976 1321.3409 161582 5.9598  0 40783064 560976 0.0591 5.3602 1.1767 10.4732 2.2697 
138 12911 84536 6.5476 6178945 8147517512 1318.5936 161584 6.0185  0 40783064 560976 0.0587 5.3492 1.1807 10.4714 2.2544 
139 12927 84536 6.5395 6191872 8147602048 1315.8544 161586 5.8734  0 40783064 560976 0.0587 5.3381 1.0341 10.4692 2.2546 
140 12939 84536 6.5334 6204811 8147686584 1313.1240 161588 5.9119  0 40783064 560976 0.0587 5.3271 1.1588 10.4672 2.2525 
141 12947 84536 6.5294 6217758 8147771120 1310.4033 161590 5.9710  0 40783064 560976 0.0586 5.3161 1.0937 10.4652 2.2511 
142 12967 84536 6.5193 6230725 8147855656 1307.6898 161592 6.0134  0 40783064 560976 0.0585 5.3052 1.1001 10.4631 2.2447 
143 12920 84536 6.5430 6243645 8147940192 1304.9974 161594 5.8735  0 40783064 560976 0.0587 5.2943 1.1244 10.4611 2.2559 
144 12873 84536 6.5669 6256518 8148024728 1302.3258 161596 5.9202  0 40783064 560976 0.0590 5.2836 1.1731 10.4592 2.2641 
145 12814 84536 6.5972 6269332 8148109264 1299.6775 161598 5.9676  0 40783064 560976 0.0592 5.2729 1.1804 10.4573 2.2745 
146 12914 84536 6.5461 6282246 8148193800 1297.0192 161600 6.0182  0 40783064 560976 0.0587 5.2622 1.1364 10.4554 2.2539 
147 12811 84536 6.5987 6295057 8148278336 1294.3931 161602 5.8699  0 40783064 560976 0.0592 5.2516 1.0984 10.4533 2.2750 
148 12792 84536 6.6085 6307849 8148362872 1291.7815 161604 5.9185  0 40783064 560976 0.0593 5.2410 1.1016 10.4513 2.2784 
149 12834 84536 6.5869 6320683 8148447408 1289.1720 161606 5.9606  0 40783064 560976 0.0591 5.2305 1.1064 10.4493 2.2710 
150 12829 84536 6.5894 6333512 8148531944 1286.5740 161608 6.0172  0 40783064 560976 0.0591 5.2201 1.1082 10.4473 2.2689 
151 12814 84536 6.5972 6346326 8148616480 1283.9896 161610 5.8695  0 40783064 560976 0.0592 5.2096 1.1695 10.4453 2.2745 
152 12809 84536 6.5997 6359135 8148701016 1281.4166 161612 5.9190  0 40783064 560976 0.0593 5.1993 1.1731 10.4435 2.2754 
153 12797 84536 6.6059 6371932 8148785552 1278.8563 161614 5.9671  0 40783064 560976 0.0593 5.1889 1.1016 10.4414 2.2775 
154 12818 84536 6.5951 6384750 8148870088 1276.3021 161616 6.0170  0 40783064 560976 0.0591 5.1786 1.1825 10.4395 2.2708 
155 12828 84536 6.5900 6397578 8148954624 1273.7562 161618 5.8598  0 40783064 560976 0.0592 5.1684 1.1064 10.4375 2.2720 
156 12814 84536 6.5972 6410392 8149039160 1271.2233 161620 5.9185  0 40783064 560976 0.0592 5.1582 1.1465 10.4356 2.2745 
157 12824 84536 6.5920 6423216 8149123696 1268.6984 161622 5.9679  0 40783064 560976 0.0592 5.1480 1.1162 10.4336 2.2727 
158 12838 84536 6.5848 6436054 8149208232 1266.1808 161624 6.0172  0 40783064 560976 0.0590 5.1378 1.0426 10.4314 2.2673 
159 12794 84536 6.6075 6448848 8149292768 1263.6819 161626 5.8693  0 40783064 560976 0.0593 5.1278 1.1244 10.4295 2.2781 
160 12791 84536 6.6090 6461639 8149377304 1261.1936 161628 5.9182  0 40783064 560976 0.0593 5.1177 1.1588 10.4275 2.2786 
161 12814 84536 6.5972 6474453 8149461840 1258.7104 161630 5.9676  0 40783064 560976 0.0592 5.1077 1.1804 10.4257 2.2745 
162 12853 84536 6.5771 6487306 8149546376 1256.2297 161632 6.0116  0 40783064 560976 0.0590 5.0977 1.0706 10.4236 2.2646 
163 12803 84536 6.6028 6500109 8149630912 1253.7683 161634 5.8708  0 40783064 560976 0.0593 5.0878 1.1145 10.4216 2.2765 
164 12792 84536 6.6085 6512901 8149715448 1251.3188 161636 5.9187  0 40783064 560976 0.0593 5.0779 1.1278 10.4196 2.2784 
165 12800 84536 6.6044 6525701 8149799984 1248.8773 161638 5.9677  0 40783064 560976 0.0593 5.0681 1.1677 10.4177 2.2770 
166 12835 84536 6.5864 6538536 8149884520 1246.4387 161640 6.0172  0 40783064 560976 0.0591 5.0582 1.1114 10.4157 2.2678 
167 12813 84536 6.5977 6551349 8149969056 1244.0138 161642 5.8700  0 40783064 560976 0.0592 5.0485 1.1991 10.4139 2.2747 
168 12833 84536 6.5874 6564182 8150053592 1241.5947 161644 5.9094  0 40783064 560976 0.0591 5.0387 1.1278 10.4119 2.2711 
169 12807 84536 6.6008 6576989 8150138128 1239.1899 161646 5.9674  0 40783064 560976 0.0593 5.0290 1.1500 10.4100 2.2758 
170 12818 84536 6.5951 6589807 8150222664 1236.7924 161648 6.0170  0 40783064 560976 0.0591 5.0193 1.1825 10.4081 2.2708 
171 12794 84536 6.6075 6602601 8150307200 1234.4086 161650 5.8696  0 40783064 560976 0.0593 5.0097 1.1517 10.4062 2.2781 
172 12814 84536 6.5972 6615415 8150391736 1232.0303 161652 5.9195  0 40783064 560976 0.0592 5.0001 1.0905 10.4042 2.2745 
173 12817 84536 6.5956 6628232 8150476272 1229.6606 161654 5.9684  0 40783064 560976 0.0592 4.9906 1.0984 10.4021 2.2740 
174 12831 84536 6.5884 6641063 8150560808 1227.2976 161656 6.0112  0 40783064 560976 0.0591 4.9811 1.0426 10.4000 2.2685 
175 12804 84536 6.6023 6653867 8150645344 1224.9486 161658 5.8692  0 40783064 560976 0.0593 4.9716 1.1786 10.3981 2.2763 
176 12809 84536 6.5997 6666676 8150729880 1222.6078 161660 5.9192  0 40783064 560976 0.0593 4.9621 1.2086 10.3963 2.2754 
177 12804 84536 6.6023 6679480 8150814416 1220.2767 161662 5.9681  0 40783064 560976 0.0593 4.9527 1.1431 10.3944 2.2763 
178 12839 84536 6.5843 6692319 8150898952 1217.9484 161664 6.0174  0 40783064 560976 0.0590 4.9434 1.1147 10.3924 2.2671 
179 12813 84536 6.5977 6705132 8150983488 1215.6335 161666 5.8711  0 40783064 560976 0.0592 4.9340 1.0952 10.3904 2.2747 
180 12795 84536 6.6070 6717927 8151068024 1213.3308 161668 5.9179  0 40783064 560976 0.0593 4.9247 1.1934 10.3886 2.2779 
181 12834 84536 6.5869 6730761 8151152560 1211.0299 161670 5.9602  0 40783064 560976 0.0591 4.9155 1.1677 10.3867 2.2710 
182 12829 84536 6.5894 6743590 8151237096 1208.7385 161672 6.0172  0 40783064 560976 0.0591 4.9062 1.1082 10.3847 2.2689 
183 12801 84536 6.6039 6756391 8151321632 1206.4609 161674 5.8696  0 40783064 560976 0.0593 4.8970 1.1588 10.3828 2.2768 
184 12799 84536 6.6049 6769190 8151406168 1204.1923 161676 5.9187  0 40783064 560976 0.0593 4.8879 1.0937 10.3808 2.2772 
185 12797 84536 6.6059 6781987 8151490704 1201.9325 161678 5.9677  0 40783064 560976 0.0593 4.8788 1.1211 10.3788 2.2775 
186 12818 84536 6.5951 6794805 8151575240 1199.6776 161680 6.0170  0 40783064 560976 0.0591 4.8697 1.1825 10.3769 2.2708 
187 12893 84536 6.5567 6807698 8151659776 1197.4180 161682 5.8604  0 40783064 560976 0.0589 4.8606 1.1379 10.3750 2.2606 
188 12914 84536 6.5461 6820612 8151744312 1195.1632 161684 5.9213  0 40783064 560976 0.0588 4.8515 1.0952 10.3730 2.2569 
189 12955 84536 6.5254 6833567 8151828848 1192.9098 161686 5.9711  0 40783064 560976 0.0586 4.8424 1.1362 10.3711 2.2498 
190 12952 84536 6.5269 6846519 8151913384 1190.6654 161688 6.0193  0 40783064 560976 0.0585 4.8333 1.1001 10.3691 2.2473 
191 12923 84536 6.5415 6859442 8151997920 1188.4346 161690 5.8729  0 40783064 560976 0.0587 4.8244 1.1553 10.3672 2.2553 
192 12934 84536 6.5360 6872376 8152082456 1186.2102 161692 5.9216  0 40783064 560976 0.0587 4.8154 1.1500 10.3653 2.2534 
193 12886 84536 6.5603 6885262 8152166992 1184.0024 161694 5.9693  0 40783064 560976 0.0589 4.8065 1.0984 10.3633 2.2618 
194 12853 84536 6.5771 6898115 8152251528 1181.8086 161696 6.0116  0 40783064 560976 0.0590 4.7976 1.0813 10.3612 2.2646 
195 12803 84536 6.6028 6910918 8152336064 1179.6313 161698 5.8708  0 40783064 560976 0.0593 4.7889 1.1145 10.3592 2.2765 
196 12792 84536 6.6085 6923710 8152420600 1177.4641 161700 5.9187  0 40783064 560976 0.0593 4.7801 1.1278 10.3573 2.2784 
197 12801 84536 6.6039 6936511 8152505136 1175.3035 161702 5.9681  0 40783064 560976 0.0593 4.7714 1.1113 10.3553 2.2768 
198 12848 84536 6.5797 6949359 8152589672 1173.1427 161704 6.0113  0 40783064 560976 0.0590 4.7627 1.2089 10.3535 2.2655 
199 12814 84536 6.5972 6962173 8152674208 1170.9956 161706 5.8697  0 40783064 560976 0.0592 4.7540 1.1500 10.3516 2.2745 
200 12833 84536 6.5874 6975006 8152758744 1168.8533 161708 5.9094  0 40783064 560976 0.0591 4.7454 1.1278 10.3497 2.2711 
201 12803 84536 6.6028 6987809 8152843280 1166.7239 161710 5.9678  0 40783064 560976 0.0593 4.7368 1.1195 10.3477 2.2765 
202 12818 84536 6.5951 7000627 8152927816 1164.5996 161712 6.0170  0 40783064 560976 0.0591 4.7283 1.1825 10.3459 2.2708 
203 12794 84536 6.6075 7013421 8153012352 1162.4872 161714 5.8713  0 40783064 560976 0.0593 4.7197 1.1064 10.3439 2.2781 
204 12808 84536 6.6002 7026229 8153096888 1160.3801 161716 5.9188  0 40783064 560976 0.0593 4.7112 1.1162 10.3420 2.2756 
205 12825 84536 6.5915 7039054 8153181424 1158.2780 161718 5.9681  0 40783064 560976 0.0592 4.7028 1.1379 10.3400 2.2726 
206 12831 84536 6.5884 7051885 8153265960 1156.1825 161720 6.0112  0 40783064 560976 0.0591 4.6943 1.0426 10.3379 2.2685 
207 12791 84536 6.6090 7064676 8153350496 1154.1012 161722 5.8699  0 40783064 560976 0.0593 4.6859 1.1804 10.3361 2.2786 
208 12809 84536 6.5997 7077485 8153435032 1152.0244 161724 5.9190  0 40783064 560976 0.0593 4.6775 1.1517 10.3342 2.2754 
209 12811 84536 6.5987 7090296 8153519568 1149.9547 161726 5.9679  0 40783064 560976 0.0592 4.6692 1.1606 10.3323 2.2750 
210 12829 84536 6.5894 7103125 8153604104 1147.8898 161728 6.0174  0 40783064 560976 0.0591 4.6609 1.1033 10.3303 2.2689 
211 12813 84536 6.5977 7115938 8153688640 1145.8347 161730 5.8696  0 40783064 560976 0.0592 4.6526 1.1448 10.3284 2.2747 
212 12799 84536 6.6049 7128737 8153773176 1143.7893 161732 5.9194  0 40783064 560976 0.0593 4.6443 1.1096 10.3265 2.2772 
213 12834 84536 6.5869 7141571 8153857712 1141.7456 161734 5.9601  0 40783064 560976 0.0591 4.6361 1.1145 10.3245 2.2710 
214 12829 84536 6.5894 7154400 8153942248 1139.7101 161736 6.0172  0 40783064 560976 0.0591 4.6279 1.1082 10.3226 2.2689 
215 12801 84536 6.6039 7167201 8154026784 1137.6864 161738 5.8696  0 40783064 560976 0.0593 4.6197 1.1588 10.3207 2.2768 
216 12799 84536 6.6049 7180000 8154111320 1135.6702 161740 5.9187  0 40783064 560976 0.0593 4.6116 1.0937 10.3187 2.2772 
217 12797 84536 6.6059 7192797 8154195856 1133.6614 161742 5.9671  0 40783064 560976 0.0593 4.6035 1.1016 10.3167 2.2775 
218 12811 84536 6.5987 7205608 8154280392 1131.6575 161744 6.0169  0 40783064 560976 0.0592 4.5954 1.1716 10.3149 2.2720 
219 12828 84536 6.5900 7218436 8154364928 1129.6581 161746 5.8584  0 40783064 560976 0.0592 4.5874 1.1048 10.3129 2.2720 
220 12798 84536 6.6054 7231234 8154449464 1127.6705 161748 5.9183  0 40783064 560976 0.0593 4.5794 1.1113 10.3109 2.2774 
221 12825 84536 6.5915 7244059 8154534000 1125.6858 161750 5.9681  0 40783064 560976 0.0592 4.5714 1.1379 10.3090 2.2726 
222 12838 84536 6.5848 7256897 8154618536 1123.7059 161752 6.0172  0 40783064 560976 0.0590 4.5634 1.0426 10.3069 2.2673 
223 12790 84536 6.6095 7269687 8154703072 1121.7406 161754 5.8688  0 40783064 560976 0.0593 4.5554 1.1953 10.3051 2.2788 
224 12809 84536 6.5997 7282496 8154787608 1119.7793 161756 5.9192  0 40783064 560976 0.0593 4.5475 1.2086 10.3034 2.2754 
225 12814 84536 6.5972 7295310 8154872144 1117.8240 161758 5.9676  0 40783064 560976 0.0592 4.5397 1.1804 10.3015 2.2745 
226 12853 84536 6.5771 7308163 8154956680 1115.8696 161760 6.0116  0 40783064 560976 0.0590 4.5318 1.0706 10.2995 2.2646 
227 12811 84536 6.5987 7320974 8155041216 1113.9285 161762 5.8699  0 40783064 560976 0.0592 4.5239 1.0984 10.2975 2.2750 
228 12792 84536 6.6085 7333766 8155125752 1111.9969 161764 5.9185  0 40783064 560976 0.0593 4.5162 1.1016 10.2956 2.2784 
229 12797 84536 6.6059 7346563 8155210288 1110.0715 161766 5.9680  0 40783064 560976 0.0593 4.5084 1.0720 10.2935 2.2775 
230 12829 84536 6.5894 7359392 8155294824 1108.1479 161768 6.0172  0 40783064 560976 0.0591 4.5006 1.1082 10.2916 2.2689 
231 12814 84536 6.5972 7372206 8155379360 1106.2333 161770 5.8697  0 40783064 560976 0.0592 4.4929 1.1972 10.2898 2.2745 
232 12843 84536 6.5823 7385049 8155463896 1104.3209 161772 5.9095  0 40783064 560976 0.0591 4.4852 1.1731 10.2880 2.2694 
233 12807 84536 6.6008 7397856 8155548432 1102.4205 161774 5.9674  0 40783064 560976 0.0593 4.4775 1.1767 10.2861 2.2758 
234 12818 84536 6.5951 7410674 8155632968 1100.5251 161776 6.0170  0 40783064 560976 0.0591 4.4699 1.1825 10.2843 2.2708 
235 12794 84536 6.6075 7423468 8155717504 1098.6398 161778 5.8713  0 40783064 560976 0.0593 4.4623 1.1064 10.2824 2.2781 
236 12836 84536 6.5859 7436304 8155802040 1096.7548 161780 5.9196  0 40783064 560976 0.0591 4.4547 1.1162 10.2804 2.2706 
237 12954 84536 6.5259 7449258 8155886576 1094.8589 161782 5.9707  0 40783064 560976 0.0586 4.4471 1.1659 10.2786 2.2499 
238 12967 84536 6.5193 7462225 8155971112 1092.9678 161784 6.0134  0 40783064 560976 0.0585 4.4394 1.1001 10.2766 2.2447 
239 12920 84536 6.5430 7475145 8156055648 1091.0900 161786 5.8733  0 40783064 560976 0.0587 4.4319 1.1311 10.2747 2.2559 
240 12934 84536 6.5360 7488079 8156140184 1089.2166 161788 5.9225  0 40783064 560976 0.0587 4.4243 1.1345 10.2728 2.2534 
241 12913 84536 6.5466 7500992 8156224720 1087.3528 161790 5.9702  0 40783064 560976 0.0588 4.4168 1.1328 10.2709 2.2571 
242 12939 84536 6.5334 7513931 8156309256 1085.4917 161792 6.0192  0 40783064 560976 0.0586 4.4093 1.1163 10.2690 2.2496 
243 12803 84536 6.6028 7526734 8156393792 1083.6565 161794 5.8708  0 40783064 560976 0.0593 4.4019 1.1145 10.2671 2.2765 
244 12792 84536 6.6085 7539526 8156478328 1081.8291 161796 5.9187  0 40783064 560976 0.0593 4.3945 1.1278 10.2652 2.2784 
245 12834 84536 6.5869 7552360 8156562864 1080.0018 161798 5.9602  0 40783064 560976 0.0591 4.3872 1.1677 10.2633 2.2710 
246 12829 84536 6.5894 7565189 8156647400 1078.1815 161800 6.0172  0 40783064 560976 0.0591 4.3798 1.1082 10.2614 2.2689 
247 12813 84536 6.5977 7578002 8156731936 1076.3698 161802 5.8700  0 40783064 560976 0.0592 4.3725 1.1991 10.2596 2.2747 
248 12799 84536 6.6049 7590801 8156816472 1074.5659 161804 5.9189  0 40783064 560976 0.0593 4.3652 1.1278 10.2577 2.2772 
249 12806 84536 6.6013 7603607 8156901008 1072.7673 161806 5.9676  0 40783064 560976 0.0593 4.3580 1.1606 10.2559 2.2759 
250 12818 84536 6.5951 7616425 8156985544 1070.9730 161808 6.0170  0 40783064 560976 0.0591 4.3507 1.1825 10.2541 2.2708 
251 12828 84536 6.5900 7629253 8157070080 1069.1833 161810 5.8582  0 40783064 560976 0.0592 4.3435 1.1517 10.2522 2.2720 
252 12812 84536 6.5982 7642065 8157154616 1067.4019 161812 5.9186  0 40783064 560976 0.0592 4.3363 1.1311 10.2503 2.2749 
253 12817 84536 6.5956 7654882 8157239152 1065.6257 161814 5.9684  0 40783064 560976 0.0592 4.3292 1.0984 10.2484 2.2740 
254 12838 84536 6.5848 7667720 8157323688 1063.8525 161816 6.0172  0 40783064 560976 0.0590 4.3220 1.0426 10.2463 2.2673 
255 12790 84536 6.6095 7680510 8157408224 1062.0920 161818 5.8688  0 40783064 560976 0.0593 4.3149 1.1953 10.2445 2.2788 
256 12809 84536 6.5997 7693319 8157492760 1060.3346 161820 5.9192  0 40783064 560976 0.0593 4.3079 1.2086 10.2428 2.2754 
257 12804 84536 6.6023 7706123 8157577296 1058.5839 161822 5.9681  0 40783064 560976 0.0593 4.3008 1.1431 10.2409 2.2763 
258 12853 84536 6.5771 7718976 8157661832 1056.8322 161824 6.0116  0 40783064 560976 0.0590 4.2937 1.0706 10.2389 2.2646 
259 12803 84536 6.6028 7731779 8157746368 1055.0930 161826 5.8693  0 40783064 560976 0.0593 4.2867 1.1483 10.2370 2.2765 
260 12795 84536 6.6070 7744574 8157830904 1053.3608 161828 5.9179  0 40783064 560976 0.0593 4.2797 1.1934 10.2353 2.2779 
261 12797 84536 6.6059 7757371 8157915440 1051.6340 161830 5.9677  0 40783064 560976 0.0593 4.2728 1.1244 10.2334 2.2775 
262 12825 84536 6.5915 7770196 8157999976 1049.9092 161832 6.0170  0 40783064 560976 0.0591 4.2658 1.2089 10.2316 2.2696 
263 12801 84536 6.6039 7782997 8158084512 1048.1932 161834 5.8696  0 40783064 560976 0.0593 4.2589 1.1588 10.2298 2.2768 
264 12833 84536 6.5874 7795830 8158169048 1046.4786 161836 5.9092  0 40783064 560976 0.0591 4.2520 1.0937 10.2278 2.2711 
265 12803 84536 6.6028 7808633 8158253584 1044.7736 161838 5.9678  0 40783064 560976 0.0593 4.2451 1.1195 10.2259 2.2765 
266 12818 84536 6.5951 7821451 8158338120 1043.0721 161840 6.0170  0 40783064 560976 0.0591 4.2383 1.1825 10.2241 2.2708 
267 12794 84536 6.6075 7834245 8158422656 1041.3795 161842 5.8702  0 40783064 560976 0.0593 4.2314 1.1414 10.2223 2.2781 
268 12808 84536 6.6002 7847053 8158507192 1039.6906 161844 5.9186  0 40783064 560976 0.0593 4.2246 1.1195 10.2204 2.2756 
269 12800 84536 6.6044 7859853 8158591728 1038.0082 161846 5.9674  0 40783064 560976 0.0593 4.2178 1.1804 10.2186 2.2770 
270 12831 84536 6.5884 7872684 8158676264 1036.3271 161848 6.0112  0 40783064 560976 0.0591 4.2111 1.0426 10.2165 2.2685 
271 12791 84536 6.6090 7885475 8158760800 1034.6569 161850 5.8697  0 40783064 560976 0.0593 4.2043 1.1500 10.2147 2.2786 
272 12791 84536 6.6090 7898266 8158845336 1032.9919 161852 5.9178  0 40783064 560976 0.0593 4.1976 1.1804 10.2129 2.2786 
273 12810 84536 6.5992 7911076 8158929872 1031.3300 161854 5.9676  0 40783064 560976 0.0593 4.1909 1.0355 10.2108 2.2752 
274 12839 84536 6.5843 7923915 8159014408 1029.6696 161856 6.0174  0 40783064 560976 0.0590 4.1842 1.1147 10.2089 2.2671 
275 12803 84536 6.6028 7936718 8159098944 1028.0193 161858 5.8708  0 40783064 560976 0.0593 4.1776 1.1145 10.2070 2.2765 
276 12792 84536 6.6085 7949510 8159183480 1026.3756 161860 5.9187  0 40783064 560976 0.0593 4.1709 1.1278 10.2051 2.2784 
277 12835 84536 6.5864 7962345 8159268016 1024.7318 161862 5.9605  0 40783064 560976 0.0591 4.1643 1.1113 10.2032 2.2708 
278 12829 84536 6.5894 7975174 8159352552 1023.0939 161864 6.0172  0 40783064 560976 0.0591 4.1577 1.1082 10.2013 2.2689 
279 12813 84536 6.5977 7987987 8159437088 1021.4635 161866 5.8696  0 40783064 560976 0.0592 4.1511 1.1695 10.1995 2.2747 
280 12799 84536 6.6049 8000786 8159521624 1019.8400 161868 5.9189  0 40783064 560976 0.0593 4.1446 1.1278 10.1976 2.2772 
281 12797 84536 6.6059 8013583 8159606160 1018.2220 161870 5.9677  0 40783064 560976 0.0593 4.1381 1.1211 10.1957 2.2775 
282 12825 84536 6.5915 8026408 8159690696 1016.6055 161872 6.0169  0 40783064 560976 0.0591 4.1315 1.1131 10.1938 2.2696 
283 12828 84536 6.5900 8039236 8159775232 1014.9939 161874 5.8598  0 40783064 560976 0.0592 4.1250 1.1064 10.1919 2.2720 
284 12814 84536 6.5972 8052050 8159859768 1013.3891 161876 5.9185  0 40783064 560976 0.0592 4.1186 1.1465 10.1901 2.2745 
285 12825 84536 6.5915 8064875 8159944304 1011.7880 161878 5.9681  0 40783064 560976 0.0592 4.1121 1.1379 10.1882 2.2726 
286 12838 84536 6.5848 8077713 8160028840 1010.1905 161880 6.0172  0 40783064 560976 0.0590 4.1057 1.0426 10.1862 2.2673 
287 12794 84536 6.6075 8090507 8160113376 1008.6035 161882 5.8700  0 40783064 560976 0.0593 4.0993 1.1500 10.1843 2.2781 
288 12843 84536 6.5823 8103350 8160197912 1007.0154 161884 5.9192  0 40783064 560976 0.0591 4.0929 1.1517 10.1825 2.2694 
289 12913 84536 6.5466 8116263 8160282448 1005.4236 161886 5.9706  0 40783064 560976 0.0588 4.0865 1.0952 10.1806 2.2571 
290 21157 8585984 405.8224 8137420 8168868432 1003.8647 162142 39.7586  0 40800649 560976 0.1686 4.0763 1.4014 10.1737 14.7523 
291 5173 21500 4.1562 8142593 8168889932 1003.2296 162162 1.5625  0 40800649 560976 0.0402 4.0737 1.5182 10.1734 2.6130 
292 63036 559580 8.8771 8205629 8169449512 995.5909 162164 16.0206  0 40800649 560976 0.0460 4.0428 1.2111 10.1668 1.9731 
293 103735 10219520 98.5156 8309364 8179669032 984.3917 162180 24.7970  0 40800649 560976 0.5792 3.9995 5.0939 10.1485 22.4385 
294 386 17408 45.0984 8309750 8179686440 984.3481 162724 10.2154  0 40800649 560976 4.2280 3.9995 10.2000 10.1485 162.3544 
295 207251 620840072 2995.5950 8517001 8800526512 1033.2893 180132 41.3117  0 42459264 560976 7.3739 4.0816 7.7270 10.0106 283.2409 
296 143978 190341120 1322.0153 8660979 8990867632 1038.0890 180452 47.1047  0 45977233 561348 7.3967 4.1368 7.6342 9.9188 284.0327 
297 112973 48665600 430.7719 8773952 9039533232 1030.2693 181732 93.0040  0 47075594 561348 6.7096 4.1699 7.2839 9.8451 257.6474 
298 70380 122757120 1744.2046 8844332 9162290352 1035.9506 184292 87.9168  0 48554953 561348 6.5473 4.1888 7.1706 9.7996 251.4169 
299 5572 1075000 192.9289 8849904 9163365352 1035.4198 185292 18.6798  0 48558591 561348 1.4702 4.1871 7.6776 9.7990 60.4256 
300 60047 8977800 149.5129 8909951 9172343152 1029.4493 185392 10.1703  0 48607095 561348 0.7217 4.1637 6.0872 9.7920 35.6936 
301 30124 52658176 1748.0472 8940075 9225001328 1031.8706 185904 45.7151  0 49224218 574696 9.1781 4.1806 9.7205 9.7915 352.4377 
302 329 4608 14.0061 8940404 9225005936 1031.8333 186048 2.7942  0 49224218 574696 1.3131 4.1805 3.9273 9.7913 50.4219 
303 298053 596386800 2000.9421 9238457 9821392736 1063.0989 195264 42.3205  0 54092127 574696 7.7740 4.2965 9.0613 9.7455 299.3562 
304 141395 134144000 948.7181 9379852 9955536736 1061.3746 196064 69.2724  0 56693456 574696 4.0069 4.2921 6.4285 9.6752 156.6037 
305 17000 33190400 1952.3765 9396852 9988727136 1062.9865 199264 81.0024  0 56699839 574696 15.0909 4.3116 18.3627 9.7043 579.4899 
306 12739 35758080 2806.9771 9409591 10024485216 1065.3475 199776 67.1345  0 56699839 574696 10.0479 4.3194 13.1309 9.7123 385.8388 
307 183367 127883520 697.4184 9592958 10152368736 1058.3148 199808 6.2429  0 56756314 574696 1.3560 4.2628 3.9204 9.6258 117.5788 
308 2264 3010560 1329.7527 9595222 10155379296 1058.3788 200064 19.1620  0 56756314 574696 15.0954 4.2653 19.2216 9.6298 579.6636 
309 177971 5561344 31.2486 9773193 10160940640 1039.6747 200320 5.1233  0 56756314 574696 0.8098 4.2024 1.8116 9.4862 31.0978 
310 12992 84536 6.5068 9786185 10161025176 1038.3030 200322 6.0139  0 56756314 574696 0.0583 4.1969 1.1450 9.4849 2.2404 
311 12948 84536 6.5289 9799133 10161109712 1036.9397 200324 5.8740  0 56756314 574696 0.0586 4.1914 1.1713 9.4836 2.2510 
312 12917 84536 6.5446 9812050 10161194248 1035.5831 200326 5.9222  0 56756314 574696 0.0588 4.1860 1.0937 9.4823 2.2564 
313 12906 84536 6.5501 9824956 10161278784 1034.2314 200328 5.9701  0 56756314 574696 0.0588 4.1806 1.1064 9.4810 2.2583 
314 12948 84536 6.5289 9837904 10161363320 1032.8789 200330 6.0193  0 56756314 574696 0.0585 4.1751 1.1050 9.4796 2.2480 
315 12918 84536 6.5440 9850822 10161447856 1031.5330 200332 5.8736  0 56756314 574696 0.0588 4.1697 1.1345 9.4784 2.2562 
316 12843 84536 6.5823 9863665 10161532392 1030.1984 200334 5.9098  0 56756314 574696 0.0591 4.1644 1.1804 9.4771 2.2694 
317 12794 84536 6.6075 9876459 10161616928 1028.8724 200336 5.9675  0 56756314 574696 0.0593 4.1591 1.2086 9.4759 2.2781 
318 12819 84536 6.5946 9889278 10161701464 1027.5474 200338 6.0169  0 56756314 574696 0.0591 4.1537 1.1066 9.4746 2.2706 
319 12800 84536 6.6044 9902078 10161786000 1026.2277 200340 5.8707  0 56756314 574696 0.0593 4.1485 1.1048 9.4733 2.2770 
320 12801 84536 6.6039 9914879 10161870536 1024.9113 200342 5.9193  0 56756314 574696 0.0593 4.1432 1.1032 9.4719 2.2768 
321 12821 84536 6.5936 9927700 10161955072 1023.5961 200344 5.9685  0 56756314 574696 0.0592 4.1379 1.0890 9.4706 2.2733 
322 12823 84536 6.5925 9940523 10162039608 1022.2842 200346 6.0109  0 56756314 574696 0.0591 4.1326 1.1001 9.4693 2.2699 
323 12797 84536 6.6059 9953320 10162124144 1020.9783 200348 5.8712  0 56756314 574696 0.0593 4.1274 1.0937 9.4679 2.2775 
324 12815 84536 6.5966 9966135 10162208680 1019.6740 200350 5.9188  0 56756314 574696 0.0592 4.1222 1.1786 9.4667 2.2743 
325 12808 84536 6.6002 9978943 10162293216 1018.3737 200352 5.9677  0 56756314 574696 0.0593 4.1170 1.0968 9.4654 2.2756 
326 12859 84536 6.5741 9991802 10162377752 1017.0716 200354 6.0174  0 56756314 574696 0.0589 4.1117 1.0906 9.4640 2.2636 
327 12811 84536 6.5987 10004613 10162462288 1015.7777 200356 5.8698  0 56756314 574696 0.0592 4.1065 1.1145 9.4627 2.2750 
328 12792 84536 6.6085 10017405 10162546824 1014.4890 200358 5.9196  0 56756314 574696 0.0593 4.1014 1.1016 9.4614 2.2784 
329 12844 84536 6.5818 10030249 10162631360 1013.1984 200360 5.9603  0 56756314 574696 0.0591 4.0962 1.0843 9.4600 2.2692 
330 12835 84536 6.5864 10043084 10162715896 1011.9119 200362 6.0172  0 56756314 574696 0.0591 4.0910 1.0601 9.4587 2.2678 
331 12813 84536 6.5977 10055897 10162800432 1010.6309 200364 5.8700  0 56756314 574696 0.0592 4.0859 1.1786 9.4574 2.2747 
332 12814 84536 6.5972 10068711 10162884968 1009.3531 200366 5.9195  0 56756314 574696 0.0592 4.0808 1.1064 9.4561 2.2745 
333 12801 84536 6.6039 10081512 10162969504 1008.0799 200368 5.9678  0 56756314 574696 0.0593 4.0757 1.1244 9.4548 2.2768 
334 12822 84536 6.5930 10094334 10163054040 1006.8077 200370 6.0170  0 56756314 574696 0.0591 4.0706 1.1313 9.4535 2.2701 
335 12848 84536 6.5797 10107182 10163138576 1005.5363 200372 5.8603  0 56756314 574696 0.0591 4.0655 1.1016 9.4522 2.2685 
336 12812 84536 6.5982 10119994 10163223112 1004.2717 200374 5.9197  0 56756314 574696 0.0592 4.0604 1.0905 9.4509 2.2749 
337 12827 84536 6.5905 10132821 10163307648 1003.0087 200376 5.9684  0 56756314 574696 0.0592 4.0553 1.0874 9.4495 2.2722 
338 12822 84536 6.5930 10145643 10163392184 1001.7495 200378 6.0171  0 56756314 574696 0.0591 4.0503 1.1246 9.4482 2.2701 
339 12798 84536 6.6054 10158441 10163476720 1000.4957 200380 5.8694  0 56756314 574696 0.0593 4.0453 1.1677 9.4470 2.2774 
340 12814 84536 6.5972 10171255 10163561256 999.2436 200382 5.9195  0 56756314 574696 0.0592 4.0402 1.1032 9.4457 2.2745 
341 12810 84536 6.5992 10184065 10163645792 997.9949 200384 5.9676  0 56756314 574696 0.0593 4.0352 1.1016 9.4444 2.2752 
342 12860 84536 6.5736 10196925 10163730328 996.7446 200386 6.0117  0 56756314 574696 0.0589 4.0302 1.1734 9.4431 2.2634 
343 12811 84536 6.5987 10209736 10163814864 995.5022 200388 5.8698  0 56756314 574696 0.0592 4.0252 1.1145 9.4418 2.2750 
344 12799 84536 6.6049 10222535 10163899400 994.2641 200390 5.9183  0 56756314 574696 0.0593 4.0203 1.1841 9.4406 2.2772 
345 12814 84536 6.5972 10235349 10163983936 993.0276 200392 5.9676  0 56756314 574696 0.0592 4.0153 1.1064 9.4393 2.2745 
346 12836 84536 6.5859 10248185 10164068472 991.7921 200394 6.0174  0 56756314 574696 0.0591 4.0103 1.0860 9.4380 2.2676 
347 12808 84536 6.6002 10260993 10164153008 990.5624 200396 5.8702  0 56756314 574696 0.0593 4.0054 1.1244 9.4367 2.2756 
348 12842 84536 6.5828 10273835 10164237544 989.3323 200398 5.9097  0 56756314 574696 0.0591 4.0005 1.1211 9.4354 2.2696 
349 12794 84536 6.6075 10286629 10164322080 988.1101 200400 5.9675  0 56756314 574696 0.0593 3.9956 1.2086 9.4342 2.2781 
350 12818 84536 6.5951 10299447 10164406616 986.8885 200402 6.0170  0 56756314 574696 0.0591 3.9907 1.1825 9.4330 2.2708 
351 12794 84536 6.6075 10312241 10164491152 985.6724 200404 5.8702  0 56756314 574696 0.0593 3.9858 1.1414 9.4317 2.2781 
352 12905 84536 6.5506 10325146 10164575688 984.4485 200406 5.9213  0 56756314 574696 0.0588 3.9809 1.1588 9.4305 2.2585 
353 12955 84536 6.5254 10338101 10164660224 983.2231 200408 5.9716  0 56756314 574696 0.0586 3.9760 1.1080 9.4292 2.2498 
354 12967 84536 6.5193 10351068 10164744760 981.9996 200410 6.0134  0 56756314 574696 0.0585 3.9711 1.1001 9.4278 2.2447 
355 12920 84536 6.5430 10363988 10164829296 980.7836 200412 5.8733  0 56756314 574696 0.0587 3.9662 1.1311 9.4266 2.2559 
356 12934 84536 6.5360 10376922 10164913832 979.5693 200414 5.9218  0 56756314 574696 0.0587 3.9613 1.1786 9.4254 2.2534 
357 12920 84536 6.5430 10389842 10164998368 978.3593 200416 5.9702  0 56756314 574696 0.0587 3.9565 1.1211 9.4241 2.2559 
358 12886 84536 6.5603 10402728 10165082904 977.1555 200418 6.0181  0 56756314 574696 0.0588 3.9516 1.0542 9.4227 2.2588 
359 12811 84536 6.5987 10415539 10165167440 975.9617 200420 5.8699  0 56756314 574696 0.0592 3.9469 1.0984 9.4214 2.2750 
360 12795 84536 6.6070 10428334 10165251976 974.7724 200422 5.9179  0 56756314 574696 0.0593 3.9421 1.1934 9.4202 2.2779 
361 12834 84536 6.5869 10441168 10165336512 973.5823 200424 5.9601  0 56756314 574696 0.0591 3.9373 1.1145 9.4189 2.2710 
362 12835 84536 6.5864 10454003 10165421048 972.3951 200426 6.0172  0 56756314 574696 0.0591 3.9326 1.1114 9.4176 2.2678 
363 12801 84536 6.6039 10466804 10165505584 971.2139 200428 5.8696  0 56756314 574696 0.0593 3.9278 1.1588 9.4163 2.2768 
364 12799 84536 6.6049 10479603 10165590120 970.0358 200430 5.9185  0 56756314 574696 0.0593 3.9231 1.1244 9.4151 2.2772 
365 12797 84536 6.6059 10492400 10165674656 968.8608 200432 5.9673  0 56756314 574696 0.0593 3.9184 1.1328 9.4138 2.2775 
366 12815 84536 6.5966 10505215 10165759192 967.6869 200434 6.0168  0 56756314 574696 0.0591 3.9137 1.1662 9.4126 2.2713 
367 12834 84536 6.5869 10518049 10165843728 966.5142 200436 5.8584  0 56756314 574696 0.0591 3.9090 1.1162 9.4113 2.2710 
368 12832 84536 6.5879 10530881 10165928264 965.3445 200438 5.9089  0 56756314 574696 0.0591 3.9043 1.1113 9.4100 2.2713 
369 12825 84536 6.5915 10543706 10166012800 964.1783 200440 5.9680  0 56756314 574696 0.0592 3.8996 1.1934 9.4088 2.2726 
370 12897 84536 6.5547 10556603 10166097336 963.0084 200442 6.0177  0 56756314 574696 0.0588 3.8949 1.0426 9.4074 2.2569 
371 12794 84536 6.6075 10569397 10166181872 961.8507 200444 5.8700  0 56756314 574696 0.0593 3.8903 1.1500 9.4061 2.2781 
372 12790 84536 6.6095 10582187 10166266408 960.6962 200446 5.9179  0 56756314 574696 0.0593 3.8856 1.1553 9.4049 2.2788 
373 12811 84536 6.5987 10594998 10166350944 959.5425 200448 5.9677  0 56756314 574696 0.0592 3.8810 1.1588 9.4037 2.2750 
374 12853 84536 6.5771 10607851 10166435480 958.3879 200450 6.0116  0 56756314 574696 0.0590 3.8764 1.0706 9.4023 2.2646 
375 12837 84536 6.5853 10620688 10166520016 957.2374 200452 5.8579  0 56756314 574696 0.0591 3.8718 1.1483 9.4011 2.2704 
376 12799 84536 6.6049 10633487 10166604552 956.0932 200454 5.9183  0 56756314 574696 0.0593 3.8672 1.1677 9.3998 2.2772 
377 12801 84536 6.6039 10646288 10166689088 954.9515 200456 5.9681  0 56756314 574696 0.0593 3.8626 1.1113 9.3985 2.2768 
378 12849 84536 6.5792 10659137 10166773624 953.8083 200458 6.0117  0 56756314 574696 0.0590 3.8580 1.1752 9.3973 2.2653 
379 12813 84536 6.5977 10671950 10166858160 952.6710 200460 5.8700  0 56756314 574696 0.0592 3.8534 1.1991 9.3961 2.2747 
380 12833 84536 6.5874 10684783 10166942696 951.5348 200462 5.9094  0 56756314 574696 0.0591 3.8489 1.1278 9.3949 2.2711 
381 12841 84536 6.5833 10697624 10167027232 950.4006 200464 5.9598  0 56756314 574696 0.0591 3.8443 1.1767 9.3937 2.2697 
382 12818 84536 6.5951 10710442 10167111768 949.2710 200466 6.0170  0 56756314 574696 0.0591 3.8398 1.1825 9.3925 2.2708 
383 12794 84536 6.6075 10723236 10167196304 948.1463 200468 5.8713  0 56756314 574696 0.0593 3.8353 1.1064 9.3912 2.2781 
384 12846 84536 6.5807 10736082 10167280840 947.0197 200470 5.9102  0 56756314 574696 0.0591 3.8308 1.0937 9.3898 2.2688 
385 12824 84536 6.5920 10748906 10167365376 945.8977 200472 5.9681  0 56756314 574696 0.0592 3.8263 1.1228 9.3886 2.2727 
386 12836 84536 6.5859 10761742 10167449912 944.7773 200474 6.0110  0 56756314 574696 0.0591 3.8218 1.1537 9.3873 2.2676 
387 12825 84536 6.5915 10774567 10167534448 943.6606 200476 5.8596  0 56756314 574696 0.0592 3.8173 1.1080 9.3860 2.2726 
388 12801 84536 6.6039 10787368 10167618984 942.5486 200478 5.9182  0 56756314 574696 0.0593 3.8129 1.1414 9.3848 2.2768 
389 12810 84536 6.5992 10800178 10167703520 941.4385 200480 5.9674  0 56756314 574696 0.0593 3.8084 1.1822 9.3836 2.2752 
390 12913 84536 6.5466 10813091 10167788056 940.3221 200482 6.0178  0 56756314 574696 0.0587 3.8039 1.1862 9.3824 2.2541 
391 12811 84536 6.5987 10825902 10167872592 939.2171 200484 5.8699  0 56756314 574696 0.0592 3.7995 1.0984 9.3811 2.2750 
392 12798 84536 6.6054 10838700 10167957128 938.1160 200486 5.9180  0 56756314 574696 0.0593 3.7951 1.1695 9.3799 2.2774 
393 12831 84536 6.5884 10851531 10168041664 937.0145 200488 5.9601  0 56756314 574696 0.0592 3.7907 1.1244 9.3786 2.2715 
394 12849 84536 6.5792 10864380 10168126200 935.9141 200490 6.0115  0 56756314 574696 0.0590 3.7862 1.1082 9.3773 2.2653 
395 12811 84536 6.5987 10877191 10168210736 934.8195 200492 5.8696  0 56756314 574696 0.0592 3.7819 1.1016 9.3760 2.2750 
396 12799 84536 6.6049 10889990 10168295272 933.7286 200494 5.9185  0 56756314 574696 0.0593 3.7775 1.1244 9.3747 2.2772 
397 12831 84536 6.5884 10902821 10168379808 932.6375 200496 5.9596  0 56756314 574696 0.0592 3.7731 1.1016 9.3734 2.2715 
398 12819 84536 6.5946 10915640 10168464344 931.5500 200498 6.0170  0 56756314 574696 0.0591 3.7687 1.2013 9.3723 2.2706 
399 12828 84536 6.5900 10928468 10168548880 930.4643 200500 5.8588  0 56756314 574696 0.0592 3.7644 1.1414 9.3710 2.2720 
400 12832 84536 6.5879 10941300 10168633416 929.3807 200502 5.9089  0 56756314 574696 0.0591 3.7600 1.1113 9.3697 2.2713 
401 12927 84536 6.5395 10954227 10168717952 928.2917 200504 5.9704  0 56756314 574696 0.0587 3.7557 1.1195 9.3685 2.2546 
402 13033 84536 6.4863 10967260 10168802488 927.1962 200506 6.0200  0 56756314 574696 0.0582 3.7513 1.1001 9.3672 2.2333 
403 12923 84536 6.5415 10980183 10168887024 926.1127 200508 5.8732  0 56756314 574696 0.0587 3.7469 1.1991 9.3660 2.2553 
404 12928 84536 6.5390 10993111 10168971560 925.0312 200510 5.9218  0 56756314 574696 0.0587 3.7426 1.1228 9.3647 2.2545 
405 12913 84536 6.5466 11006024 10169056096 923.9537 200512 5.9700  0 56756314 574696 0.0588 3.7383 1.1414 9.3635 2.2571 
406 12992 84536 6.5068 11019016 10169140632 922.8719 200514 6.0139  0 56756314 574696 0.0583 3.7339 1.1520 9.3623 2.2404 
407 12872 84536 6.5674 11031888 10169225168 921.8028 200516 5.8717  0 56756314 574696 0.0590 3.7296 1.2067 9.3611 2.2643 
408 12798 84536 6.6054 11044686 10169309704 920.7424 200518 5.9180  0 56756314 574696 0.0593 3.7254 1.1695 9.3599 2.2774 
409 12801 84536 6.6039 11057487 10169394240 919.6840 200520 5.9681  0 56756314 574696 0.0593 3.7212 1.1113 9.3586 2.2768 
410 12828 84536 6.5900 11070315 10169478776 918.6260 200522 6.0174  0 56756314 574696 0.0591 3.7169 1.1752 9.3574 2.2690 
411 12813 84536 6.5977 11083128 10169563312 917.5716 200524 5.8700  0 56756314 574696 0.0592 3.7127 1.1991 9.3562 2.2747 
412 12833 84536 6.5874 11095961 10169647848 916.5180 200526 5.9094  0 56756314 574696 0.0591 3.7085 1.1278 9.3550 2.2711 
413 12837 84536 6.5853 11108798 10169732384 915.4665 200528 5.9603  0 56756314 574696 0.0591 3.7042 1.1195 9.3537 2.2704 
414 12818 84536 6.5951 11121616 10169816920 914.4190 200530 6.0168  0 56756314 574696 0.0591 3.7000 1.2147 9.3525 2.2708 
415 12794 84536 6.6075 11134410 10169901456 913.3759 200532 5.8698  0 56756314 574696 0.0593 3.6959 1.1048 9.3512 2.2781 
416 12846 84536 6.5807 11147256 10169985992 912.3309 200534 5.9102  0 56756314 574696 0.0591 3.6917 1.0937 9.3499 2.2688 
417 12824 84536 6.5920 11160080 10170070528 911.2902 200536 5.9679  0 56756314 574696 0.0592 3.6875 1.1162 9.3487 2.2727 
418 12836 84536 6.5859 11172916 10170155064 910.2507 200538 6.0110  0 56756314 574696 0.0591 3.6833 1.1555 9.3475 2.2676 
419 12831 84536 6.5884 11185747 10170239600 909.2142 200540 5.8588  0 56756314 574696 0.0592 3.6792 1.1379 9.3462 2.2715 
420 12801 84536 6.6039 11198548 10170324136 908.1824 200542 5.9182  0 56756314 574696 0.0593 3.6750 1.1414 9.3450 2.2768 
421 12810 84536 6.5992 11211358 10170408672 907.1523 200544 5.9676  0 56756314 574696 0.0593 3.6709 1.0355 9.3436 2.2752 
422 12913 84536 6.5466 11224271 10170493208 906.1161 200546 6.0178  0 56756314 574696 0.0587 3.6667 1.1862 9.3424 2.2541 
423 12815 84536 6.5966 11237086 10170577744 905.0903 200548 5.8708  0 56756314 574696 0.0592 3.6626 1.1822 9.3412 2.2743 
424 12799 84536 6.6049 11249885 10170662280 904.0681 200550 5.9183  0 56756314 574696 0.0593 3.6585 1.1677 9.3400 2.2772 
425 12831 84536 6.5884 11262716 10170746816 903.0457 200552 5.9600  0 56756314 574696 0.0592 3.6544 1.1195 9.3387 2.2715 
426 12829 84536 6.5894 11275545 10170831352 902.0256 200554 6.0172  0 56756314 574696 0.0591 3.6503 1.1082 9.3375 2.2689 
427 12798 84536 6.6054 11288343 10170915888 901.0105 200556 5.8703  0 56756314 574696 0.0593 3.6463 1.1396 9.3362 2.2774 
428 12799 84536 6.6049 11301142 10171000424 899.9976 200558 5.9189  0 56756314 574696 0.0593 3.6422 1.1278 9.3350 2.2772 
429 12797 84536 6.6059 11313939 10171084960 898.9871 200560 5.9671  0 56756314 574696 0.0593 3.6381 1.1016 9.3337 2.2775 
430 12818 84536 6.5951 11326757 10171169496 897.9772 200562 6.0168  0 56756314 574696 0.0591 3.6341 1.2147 9.3325 2.2708 
431 12828 84536 6.5900 11339585 10171254032 896.9688 200564 5.8588  0 56756314 574696 0.0592 3.6301 1.1414 9.3313 2.2720 
432 12832 84536 6.5879 11352417 10171338568 895.9624 200566 5.9089  0 56756314 574696 0.0591 3.6260 1.1113 9.3300 2.2713 
433 12803 84536 6.6028 11365220 10171423104 894.9604 200568 5.9676  0 56756314 574696 0.0593 3.6220 1.1535 9.3288 2.2765 
434 12897 84536 6.5547 11378117 10171507640 893.9535 200570 6.0177  0 56756314 574696 0.0588 3.6180 1.0426 9.3275 2.2569 
435 12794 84536 6.6075 11390911 10171592176 892.9568 200572 5.8696  0 56756314 574696 0.0593 3.6140 1.1261 9.3262 2.2781 
436 12808 84536 6.6002 11403719 10171676712 891.9614 200574 5.9188  0 56756314 574696 0.0593 3.6100 1.1345 9.3250 2.2756 
437 12804 84536 6.6023 11416523 10171761248 890.9684 200576 5.9681  0 56756314 574696 0.0593 3.6060 1.1431 9.3237 2.2763 
438 12860 84536 6.5736 11429383 10171845784 889.9733 200578 6.0117  0 56756314 574696 0.0589 3.6020 1.1975 9.3226 2.2634 
439 12849 84536 6.5792 11442232 10171930320 888.9813 200580 5.8603  0 56756314 574696 0.0591 3.5980 1.1113 9.3213 2.2683 
440 12798 84536 6.6054 11455030 10172014856 887.9955 200582 5.9180  0 56756314 574696 0.0593 3.5941 1.1695 9.3201 2.2774 
441 12800 84536 6.6044 11467830 10172099392 887.0117 200584 5.9676  0 56756314 574696 0.0593 3.5901 1.1145 9.3188 2.2770 
442 12849 84536 6.5792 11480679 10172183928 886.0263 200586 6.0117  0 56756314 574696 0.0590 3.5862 1.1752 9.3176 2.2653 
443 12813 84536 6.5977 11493492 10172268464 885.0460 200588 5.8696  0 56756314 574696 0.0592 3.5822 1.1517 9.3164 2.2747 
444 12833 84536 6.5874 11506325 10172353000 884.0662 200590 5.9091  0 56756314 574696 0.0591 3.5783 1.1244 9.3152 2.2711 
445 12841 84536 6.5833 11519166 10172437536 883.0880 200592 5.9600  0 56756314 574696 0.0591 3.5744 1.2048 9.3140 2.2697 
446 12818 84536 6.5951 11531984 10172522072 882.1138 200594 6.0170  0 56756314 574696 0.0591 3.5705 1.1825 9.3128 2.2708 
447 12794 84536 6.6075 11544778 10172606608 881.1436 200596 5.8713  0 56756314 574696 0.0593 3.5666 1.1064 9.3116 2.2781 
448 12842 84536 6.5828 11557620 10172691144 880.1718 200598 5.9091  0 56756314 574696 0.0591 3.5627 1.1195 9.3103 2.2696 
449 12817 84536 6.5956 11570437 10172775680 879.2041 200600 5.9684  0 56756314 574696 0.0592 3.5588 1.0984 9.3090 2.2740 
450 12923 84536 6.5415 11583360 10172860216 878.2305 200602 6.0128  0 56756314 574696 0.0587 3.5549 1.1900 9.3079 2.2524 
451 12924 84536 6.5410 11596284 10172944752 877.2590 200604 5.8729  0 56756314 574696 0.0587 3.5510 1.1659 9.3067 2.2552 
452 12928 84536 6.5390 11609212 10173029288 876.2894 200606 5.9222  0 56756314 574696 0.0587 3.5471 1.1500 9.3054 2.2545 
453 12913 84536 6.5466 11622125 10173113824 875.3230 200608 5.9702  0 56756314 574696 0.0588 3.5432 1.1328 9.3042 2.2571 
454 12945 84536 6.5304 11635070 10173198360 874.3564 200610 6.0191  0 56756314 574696 0.0586 3.5394 1.1844 9.3030 2.2485 
455 12951 84536 6.5274 11648021 10173282896 873.3915 200612 5.8744  0 56756314 574696 0.0586 3.5355 1.1328 9.3018 2.2505 
456 12860 84536 6.5736 11660881 10173367432 872.4355 200614 5.9196  0 56756314 574696 0.0590 3.5317 1.1786 9.3006 2.2664 
457 12835 84536 6.5864 11673716 10173451968 871.4836 200616 5.9605  0 56756314 574696 0.0591 3.5278 1.1113 9.2994 2.2708 
458 12845 84536 6.5812 11686561 10173536504 870.5330 200618 6.0114  0 56756314 574696 0.0590 3.5240 1.1098 9.2981 2.2660 
459 12813 84536 6.5977 11699374 10173621040 869.5868 200620 5.8711  0 56756314 574696 0.0592 3.5202 1.1016 9.2968 2.2747 
460 12799 84536 6.6049 11712173 10173705576 868.6437 200622 5.9189  0 56756314 574696 0.0593 3.5165 1.1278 9.2956 2.2772 
461 12831 84536 6.5884 11725004 10173790112 867.7004 200624 5.9596  0 56756314 574696 0.0592 3.5127 1.1016 9.2943 2.2715 
462 12819 84536 6.5946 11737823 10173874648 866.7599 200626 6.0170  0 56756314 574696 0.0591 3.5089 1.2013 9.2931 2.2706 
463 12835 84536 6.5864 11750658 10173959184 865.8204 200628 5.8601  0 56756314 574696 0.0591 3.5051 1.1113 9.2919 2.2708 
464 12847 84536 6.5802 11763505 10174043720 864.8820 200630 5.9092  0 56756314 574696 0.0591 3.5014 1.1786 9.2907 2.2687 
465 12811 84536 6.5987 11776316 10174128256 863.9483 200632 5.9678  0 56756314 574696 0.0592 3.4976 1.1244 9.2895 2.2750 
466 12897 84536 6.5547 11789213 10174212792 863.0104 200634 6.0177  0 56756314 574696 0.0588 3.4939 1.0426 9.2881 2.2569 
467 12790 84536 6.6095 11802003 10174297328 862.0822 200636 5.8688  0 56756314 574696 0.0593 3.4901 1.1953 9.2870 2.2788 
468 12801 84536 6.6039 11814804 10174381864 861.1554 200638 5.9182  0 56756314 574696 0.0593 3.4864 1.1414 9.2857 2.2768 
469 12810 84536 6.5992 11827614 10174466400 860.2298 200640 5.9676  0 56756314 574696 0.0593 3.4827 1.0355 9.2844 2.2752 
470 12860 84536 6.5736 11840474 10174550936 859.3027 200642 6.0117  0 56756314 574696 0.0589 3.4790 1.1050 9.2831 2.2634 
471 12845 84536 6.5812 11853319 10174635472 858.3785 200644 5.8585  0 56756314 574696 0.0591 3.4753 1.0984 9.2818 2.2690 
472 12795 84536 6.6070 11866114 10174720008 857.4601 200646 5.9179  0 56756314 574696 0.0593 3.4716 1.1934 9.2807 2.2779 
473 12797 84536 6.6059 11878911 10174804544 856.5436 200648 5.9677  0 56756314 574696 0.0593 3.4679 1.1244 9.2794 2.2775 
474 12831 84536 6.5884 11891742 10174889080 855.6265 200650 6.0110  0 56756314 574696 0.0591 3.4642 1.1844 9.2783 2.2685 
475 12813 84536 6.5977 11904555 10174973616 854.7126 200652 5.8696  0 56756314 574696 0.0592 3.4606 1.1695 9.2771 2.2747 
476 12850 84536 6.5787 11917405 10175058152 853.7981 200654 5.9099  0 56756314 574696 0.0591 3.4569 1.1786 9.2759 2.2681 
477 12841 84536 6.5833 11930246 10175142688 852.8863 200656 5.9598  0 56756314 574696 0.0591 3.4533 1.1767 9.2747 2.2697 
478 12815 84536 6.5966 11943061 10175227224 851.9781 200658 6.0168  0 56756314 574696 0.0591 3.4496 1.1918 9.2736 2.2713 
479 12801 84536 6.6039 11955862 10175311760 851.0731 200660 5.8704  0 56756314 574696 0.0593 3.4460 1.1414 9.2724 2.2768 
480 12842 84536 6.5828 11968704 10175396296 850.1669 200662 5.9091  0 56756314 574696 0.0591 3.4423 1.1195 9.2711 2.2696 
481 12824 84536 6.5920 11981528 10175480832 849.2640 200664 5.9679  0 56756314 574696 0.0592 3.4387 1.1162 9.2699 2.2727 
482 12836 84536 6.5859 11994364 10175565368 848.3622 200666 6.0110  0 56756314 574696 0.0591 3.4351 1.1555 9.2687 2.2676 
483 12838 84536 6.5848 12007202 10175649904 847.4622 200668 5.8578  0 56756314 574696 0.0591 3.4315 1.1786 9.2675 2.2703 
484 12809 84536 6.5997 12020011 10175734440 846.5662 200670 5.9196  0 56756314 574696 0.0593 3.4279 1.0968 9.2662 2.2754 
485 12810 84536 6.5992 12032821 10175818976 845.6719 200672 5.9680  0 56756314 574696 0.0593 3.4243 1.1048 9.2650 2.2752 
486 12913 84536 6.5466 12045734 10175903512 844.7724 200674 6.0178  0 56756314 574696 0.0587 3.4207 1.1862 9.2638 2.2541 
487 12803 84536 6.6028 12058537 10175988048 843.8824 200676 5.8708  0 56756314 574696 0.0593 3.4171 1.1145 9.2626 2.2765 
488 12798 84536 6.6054 12071335 10176072584 842.9948 200678 5.9180  0 56756314 574696 0.0593 3.4136 1.1695 9.2614 2.2774 
489 12834 84536 6.5869 12084169 10176157120 842.1064 200680 5.9601  0 56756314 574696 0.0591 3.4100 1.1145 9.2601 2.2710 
490 12846 84536 6.5807 12097015 10176241656 841.2192 200682 6.0114  0 56756314 574696 0.0590 3.4065 1.1381 9.2589 2.2659 
491 12815 84536 6.5966 12109830 10176326192 840.3361 200684 5.8702  0 56756314 574696 0.0592 3.4029 1.1228 9.2577 2.2743 
492 12799 84536 6.6049 12122629 10176410728 839.4557 200686 5.9189  0 56756314 574696 0.0593 3.3994 1.1278 9.2564 2.2772 
493 12831 84536 6.5884 12135460 10176495264 838.5752 200688 5.9601  0 56756314 574696 0.0592 3.3959 1.1211 9.2552 2.2715 
494 12811 84536 6.5987 12148271 10176579800 837.6978 200690 6.0169  0 56756314 574696 0.0592 3.3923 1.1716 9.2540 2.2720 
495 12828 84536 6.5900 12161099 10176664336 836.8211 200692 5.8584  0 56756314 574696 0.0592 3.3888 1.1048 9.2528 2.2720 
496 12812 84536 6.5982 12173911 10176748872 835.9473 200694 5.9197  0 56756314 574696 0.0592 3.3853 1.0937 9.2515 2.2749 
497 12824 84536 6.5920 12186735 10176833408 835.0746 200696 5.9679  0 56756314 574696 0.0592 3.3818 1.1162 9.2503 2.2727 
498 12838 84536 6.5848 12199573 10176917944 834.2028 200698 6.0172  0 56756314 574696 0.0590 3.3783 1.0426 9.2489 2.2673 
499 12859 84536 6.5741 12212432 10177002480 833.3314 200700 5.8728  0 56756314 574696 0.0590 3.3748 1.0984 9.2477 2.2666 
500 12928 84536 6.5390 12225360 10177087016 832.4571 200702 5.9222  0 56756314 574696 0.0587 3.3713 1.1500 9.2465 2.2545 
501 12920 84536 6.5430 12238280 10177171552 831.5851 200704 5.9702  0 56756314 574696 0.0587 3.3678 1.1211 9.2452 2.2559 
502 12996 84536 6.5048 12251276 10177256088 830.7099 200706 6.0142  0 56756314 574696 0.0583 3.3643 1.1017 9.2440 2.2397 
503 12948 84536 6.5289 12264224 10177340624 829.8397 200708 5.8740  0 56756314 574696 0.0586 3.3608 1.1804 9.2428 2.2510 
504 12928 84536 6.5390 12277152 10177425160 828.9728 200710 5.9213  0 56756314 574696 0.0587 3.3573 1.1786 9.2416 2.2545 
505 12892 84536 6.5572 12290044 10177509696 828.1101 200712 5.9694  0 56756314 574696 0.0589 3.3539 1.1841 9.2405 2.2608 
506 12828 84536 6.5900 12302872 10177594232 827.2535 200714 6.0174  0 56756314 574696 0.0591 3.3505 1.1752 9.2393 2.2690 
507 12801 84536 6.6039 12315673 10177678768 826.4005 200716 5.8696  0 56756314 574696 0.0593 3.3470 1.1588 9.2381 2.2768 
508 12833 84536 6.5874 12328506 10177763304 825.5472 200718 5.9094  0 56756314 574696 0.0591 3.3436 1.1278 9.2369 2.2711 
509 12807 84536 6.6008 12341313 10177847840 824.6974 200720 5.9674  0 56756314 574696 0.0593 3.3402 1.1767 9.2357 2.2758 
510 12828 84536 6.5900 12354141 10177932376 823.8478 200722 6.0169  0 56756314 574696 0.0591 3.3368 1.1066 9.2345 2.2690 
511 12794 84536 6.6075 12366935 10178016912 823.0024 200724 5.8702  0 56756314 574696 0.0593 3.3334 1.1414 9.2333 2.2781 
512 12808 84536 6.6002 12379743 10178101448 822.1577 200726 5.9186  0 56756314 574696 0.0593 3.3300 1.1195 9.2321 2.2756 
513 12803 84536 6.6028 12392546 10178185984 821.3152 200728 5.9676  0 56756314 574696 0.0593 3.3266 1.1535 9.2309 2.2765 
514 12831 84536 6.5884 12405377 10178270520 820.4725 200730 6.0112  0 56756314 574696 0.0591 3.3233 1.0426 9.2295 2.2685 
515 12796 84536 6.6064 12418173 10178355056 819.6339 200732 5.8695  0 56756314 574696 0.0593 3.3199 1.1767 9.2284 2.2777 
516 12809 84536 6.5997 12430982 10178439592 818.7961 200734 5.9200  0 56756314 574696 0.0593 3.3165 1.1228 9.2272 2.2754 
517 12804 84536 6.6023 12443786 10178524128 817.9604 200736 5.9681  0 56756314 574696 0.0593 3.3132 1.1431 9.2260 2.2763 
518 12839 84536 6.5843 12456625 10178608664 817.1241 200738 6.0174  0 56756314 574696 0.0590 3.3098 1.1147 9.2247 2.2671 
519 12815 84536 6.5966 12469440 10178693200 816.2911 200740 5.8702  0 56756314 574696 0.0592 3.3065 1.1749 9.2236 2.2743 
520 12795 84536 6.6070 12482235 10178777736 815.4612 200742 5.9179  0 56756314 574696 0.0593 3.3032 1.1934 9.2224 2.2779 
521 12835 84536 6.5864 12495070 10178862272 814.6302 200744 5.9605  0 56756314 574696 0.0591 3.2998 1.1113 9.2212 2.2708 
522 12826 84536 6.5910 12507896 10178946808 813.8017 200746 6.0171  0 56756314 574696 0.0591 3.2965 1.1098 9.2199 2.2694 
523 12798 84536 6.6054 12520694 10179031344 812.9766 200748 5.8703  0 56756314 574696 0.0593 3.2932 1.1396 9.2187 2.2774 
524 12816 84536 6.5961 12533510 10179115880 812.1520 200750 5.9194  0 56756314 574696 0.0592 3.2899 1.1786 9.2176 2.2742 
525 12797 84536 6.6059 12546307 10179200416 811.3304 200752 5.9673  0 56756314 574696 0.0593 3.2866 1.2067 9.2164 2.2775 
526 12818 84536 6.5951 12559125 10179284952 810.5091 200754 6.0168  0 56756314 574696 0.0591 3.2833 1.2147 9.2153 2.2708 
527 12828 84536 6.5900 12571953 10179369488 809.6888 200756 5.8598  0 56756314 574696 0.0592 3.2800 1.1064 9.2141 2.2720 
528 12832 84536 6.5879 12584785 10179454024 808.8699 200758 5.9089  0 56756314 574696 0.0591 3.2767 1.1113 9.2129 2.2713 
529 12817 84536 6.5956 12597602 10179538560 808.0537 200760 5.9684  0 56756314 574696 0.0592 3.2735 1.0984 9.2116 2.2740 
530 12901 84536 6.5527 12610503 10179623096 807.2337 200762 6.0176  0 56756314 574696 0.0588 3.2702 1.1537 9.2104 2.2562 
531 12794 84536 6.6075 12623297 10179707632 806.4223 200764 5.8700  0 56756314 574696 0.0593 3.2669 1.1500 9.2092 2.2781 
532 12809 84536 6.5997 12636106 10179792168 805.6115 200766 5.9190  0 56756314 574696 0.0593 3.2637 1.1517 9.2080 2.2754 
533 12814 84536 6.5972 12648920 10179876704 804.8021 200768 5.9676  0 56756314 574696 0.0592 3.2604 1.1804 9.2069 2.2745 
534 12853 84536 6.5771 12661773 10179961240 803.9918 200770 6.0116  0 56756314 574696 0.0590 3.2572 1.0706 9.2056 2.2646 
535 12803 84536 6.6028 12674576 10180045776 803.1863 200772 5.8693  0 56756314 574696 0.0593 3.2539 1.1483 9.2044 2.2765 
536 12792 84536 6.6085 12687368 10180130312 802.3832 200774 5.9195  0 56756314 574696 0.0593 3.2507 1.1000 9.2032 2.2784 
537 12801 84536 6.6039 12700169 10180214848 801.5811 200776 5.9681  0 56756314 574696 0.0593 3.2475 1.1113 9.2019 2.2768 
538 12825 84536 6.5915 12712994 10180299384 800.7791 200778 6.0170  0 56756314 574696 0.0591 3.2443 1.2089 9.2008 2.2696 
539 12813 84536 6.5977 12725807 10180383920 799.9794 200780 5.8711  0 56756314 574696 0.0592 3.2411 1.1016 9.1996 2.2747 
540 12833 84536 6.5874 12738640 10180468456 799.1802 200782 5.9094  0 56756314 574696 0.0591 3.2379 1.1278 9.1984 2.2711 
541 12807 84536 6.6008 12751447 10180552992 798.3841 200784 5.9674  0 56756314 574696 0.0593 3.2347 1.1767 9.1972 2.2758 
542 12818 84536 6.5951 12764265 10180637528 797.5891 200786 6.0170  0 56756314 574696 0.0591 3.2315 1.1825 9.1961 2.2708 
543 12794 84536 6.6075 12777059 10180722064 796.7969 200788 5.8713  0 56756314 574696 0.0593 3.2283 1.1064 9.1948 2.2781 
544 12814 84536 6.5972 12789873 10180806600 796.0053 200790 5.9184  0 56756314 574696 0.0592 3.2251 1.1786 9.1937 2.2745 
545 12817 84536 6.5956 12802690 10180891136 795.2150 200792 5.9679  0 56756314 574696 0.0592 3.2220 1.1328 9.1925 2.2740 
546 12831 84536 6.5884 12815521 10180975672 794.4254 200794 6.0112  0 56756314 574696 0.0591 3.2188 1.0426 9.1912 2.2685 
547 12804 84536 6.6023 12828325 10181060208 793.6391 200796 5.8692  0 56756314 574696 0.0593 3.2156 1.1786 9.1900 2.2763 
548 12801 84536 6.6039 12841126 10181144744 792.8545 200798 5.9182  0 56756314 574696 0.0593 3.2125 1.1414 9.1888 2.2768 
549 12810 84536 6.5992 12853936 10181229280 792.0710 200800 5.9676  0 56756314 574696 0.0593 3.2094 1.0355 9.1875 2.2752 
550 12852 84536 6.5777 12866788 10181313816 791.2863 200802 6.0173  0 56756314 574696 0.0590 3.2062 1.1114 9.1863 2.2648 
551 12811 84536 6.5987 12879599 10181398352 790.5059 200804 5.8699  0 56756314 574696 0.0592 3.2031 1.0984 9.1850 2.2750 
552 12893 84536 6.5567 12892492 10181482888 789.7219 200806 5.9208  0 56756314 574696 0.0589 3.1999 1.1991 9.1839 2.2606 
553 12892 84536 6.5572 12905384 10181567424 788.9395 200808 5.9698  0 56756314 574696 0.0589 3.1968 1.1162 9.1827 2.2608 
554 12849 84536 6.5792 12918233 10181651960 788.1613 200810 6.0115  0 56756314 574696 0.0590 3.1937 1.1082 9.1814 2.2653 
555 12813 84536 6.5977 12931046 10181736496 787.3869 200812 5.8696  0 56756314 574696 0.0592 3.1906 1.1695 9.1803 2.2747 
556 12799 84536 6.6049 12943845 10181821032 786.6149 200814 5.9185  0 56756314 574696 0.0593 3.1875 1.1244 9.1791 2.2772 
557 12831 84536 6.5884 12956676 10181905568 785.8424 200816 5.9596  0 56756314 574696 0.0592 3.1844 1.1016 9.1778 2.2715 
558 12825 84536 6.5915 12969501 10181990104 785.0719 200818 6.0169  0 56756314 574696 0.0591 3.1813 1.1131 9.1766 2.2696 
559 12801 84536 6.6039 12982302 10182074640 784.3042 200820 5.8704  0 56756314 574696 0.0593 3.1782 1.1414 9.1754 2.2768 
560 12798 84536 6.6054 12995100 10182159176 783.5384 200822 5.9183  0 56756314 574696 0.0593 3.1751 1.1113 9.1742 2.2774 
561 12817 84536 6.5956 13007917 10182243712 782.7728 200824 5.9684  0 56756314 574696 0.0592 3.1721 1.0984 9.1730 2.2740 
562 12838 84536 6.5848 13020755 10182328248 782.0075 200826 6.0172  0 56756314 574696 0.0590 3.1690 1.0426 9.1716 2.2673 
563 12790 84536 6.6095 13033545 10182412784 781.2466 200828 5.8688  0 56756314 574696 0.0593 3.1659 1.1953 9.1705 2.2788 
564 12809 84536 6.5997 13046354 10182497320 780.4860 200830 5.9200  0 56756314 574696 0.0593 3.1629 1.1228 9.1693 2.2754 
565 12810 84536 6.5992 13059164 10182581856 779.7270 200832 5.9680  0 56756314 574696 0.0593 3.1598 1.1048 9.1681 2.2752 
566 4289 8585984 2001.8615 13063453 10191167840 780.1282 201088 29.4679  0 56756314 574696 0.4775 3.1590 3.0251 9.1671 18.3360 
